43 102 5
40 110 5
67 166 10
82 117 5
11 53 8
5 81 1
35 88 3
16 73 5
17 67 6
74 120 10
24 112 8
8 88 10
15 113 8
36 115 4
20 61 8
37 82 3
9 40 8
93 139 4
67 81 5
73 160 3
94 157 2
22 92 3
23 107 10
22 41 9
8 99 1
35 114 6
89 129 8
96 128 4
11 62 9
28 103 6
90 158 8
91 132 9
76 139 5
5 42 5
65 109 7
66 144 6
63 129 7
90 104 8
15 39 8
54 57 2
31 75 10
70 157 10
78 140 5
74 140 1
89 120 4
97 145 3
84 94 10
10 109 3
68 134 9
75 94 1
57 58 7
58 128 3
47 146 4
3 76 1
43 56 3
78 139 10
90 135 9
72 126 10
14 35 5
84 180 5
57 61 5
73 86 6
75 86 4
90 104 8
70 78 2
33 119 3
94 121 7
13 111 2
34 98 3
20 67 10
76 79 5
32 59 7
57 110 7
32 74 10
32 96 8
95 143 5
19 60 3
87 92 1
9 99 6
51 60 4
92 128 9
36 103 5
92 167 8
10 69 1
90 132 4
29 65 3
5 60 4
7 48 8
59 108 10
74 125 10
88 130 6
56 133 4
2 22 9
49 79 9
42 113 10
97 148 5
100 155 1
43 104 4
42 62 4
31 76 5
