64 92 7
61 138 6
177 362 6
149 233 3
28 72 9
59 193 2
134 321 10
55 172 9
107 182 2
69 211 7
34 191 4
53 70 10
148 342 4
165 307 7
140 261 10
168 348 4
60 125 2
189 260 10
58 236 5
121 319 8
117 148 4
140 223 2
39 69 5
74 221 8
41 127 9
2 7 10
97 161 6
179 184 6
80 94 3
56 190 10
125 176 1
150 292 5
192 325 5
178 184 3
106 152 8
106 306 2
37 85 8
32 58 4
97 155 7
140 253 2
131 169 4
1 188 6
106 236 8
192 300 3
24 189 1
93 163 2
166 224 9
55 144 7
148 333 4
6 82 8
150 157 7
143 302 4
30 94 5
97 104 2
122 304 6
144 218 7
117 309 4
185 231 2
183 377 9
38 189 4
6 106 2
162 205 1
57 129 6
82 203 3
13 207 4
61 150 10
177 182 1
151 292 8
164 240 1
162 275 4
188 258 3
171 203 7
161 201 9
167 288 1
131 217 6
76 174 6
95 169 2
57 233 4
65 205 9
17 70 2
120 312 1
75 238 4
71 194 4
91 132 6
31 154 3
68 267 10
193 238 6
26 80 1
200 270 2
48 86 5
161 319 6
144 176 8
157 211 3
162 307 5
40 167 10
2 197 10
62 201 4
99 264 9
159 323 8
111 274 8
67 191 5
62 129 8
172 347 3
156 245 7
132 260 4
31 160 10
80 222 10
126 166 4
176 327 9
96 109 4
53 132 9
119 211 7
16 31 1
70 240 9
117 219 8
42 126 7
161 325 10
170 259 10
96 112 2
136 247 4
139 302 2
169 250 5
65 113 10
88 206 9
46 80 2
36 111 6
2 189 1
61 217 1
112 115 6
113 204 7
78 107 9
121 271 10
56 70 7
5 106 4
75 174 9
199 333 5
6 141 1
176 323 9
186 197 1
163 238 1
99 252 2
150 175 1
129 209 4
107 143 7
3 114 5
131 240 8
86 152 4
178 219 2
26 204 2
29 169 9
169 208 1
42 230 5
112 180 7
148 274 2
84 212 4
70 81 4
37 85 9
90 115 9
193 244 6
155 234 8
143 342 8
35 76 7
151 255 4
147 150 1
131 169 9
24 131 9
178 273 8
196 332 2
7 136 4
194 229 4
121 298 3
38 201 5
46 111 10
169 181 3
170 264 2
50 167 9
140 186 5
77 119 1
38 238 9
154 347 3
147 213 1
91 146 3
27 128 9
67 88 10
61 203 5
44 235 2
134 216 7
119 277 10
39 187 1
39 92 6
73 272 1
83 125 5
7 27 7
195 281 8
147 245 1
191 285 4
104 131 5
63 208 3
62 197 2
165 338 4
