367 756 10
341 553 1
448 781 4
264 430 4
69 112 1
241 266 3
318 495 2
291 551 4
405 840 6
396 438 9
180 589 7
29 130 1
61 461 5
235 398 1
170 401 3
72 395 7
486 978 5
477 760 6
52 239 1
87 521 2
126 239 2
404 898 2
394 800 3
69 561 8
409 422 8
143 227 3
401 470 4
336 733 8
381 830 6
361 748 10
235 599 2
16 284 7
250 263 3
382 463 6
29 370 9
259 742 4
163 547 3
58 129 1
236 539 9
451 467 8
452 702 1
66 331 8
172 538 3
36 136 3
244 372 6
112 350 10
415 815 3
139 449 3
260 305 8
180 527 3
487 786 2
158 522 8
447 834 4
249 524 5
484 502 2
411 540 2
320 715 3
113 147 2
327 620 8
196 520 5
228 539 5
9 329 8
407 525 6
22 241 10
236 290 7
429 893 5
212 495 2
395 642 5
386 812 9
274 395 2
360 709 4
244 453 3
343 810 1
328 668 9
88 163 2
216 572 7
473 892 9
124 437 8
160 211 3
488 664 5
491 526 5
305 435 4
289 761 10
391 542 10
211 449 6
84 390 3
420 698 2
391 792 6
108 168 6
102 501 3
216 605 9
31 76 8
406 592 1
395 471 2
76 363 1
332 702 6
294 584 3
27 207 3
73 212 4
20 260 2
143 450 3
3 192 9
141 235 4
453 794 10
64 480 6
265 512 7
122 515 6
405 676 7
439 782 7
33 248 8
376 585 5
108 319 5
237 440 9
50 206 9
291 510 4
466 801 3
363 672 7
400 465 7
469 472 2
27 414 6
325 440 6
281 503 6
425 735 9
15 375 6
93 95 6
439 907 3
31 213 1
219 652 5
325 578 9
126 406 8
493 597 2
68 452 3
206 366 3
46 221 4
41 308 5
106 163 4
358 797 7
418 575 10
394 728 4
373 832 3
90 394 8
421 792 1
325 401 1
39 160 7
112 273 3
39 158 2
284 760 10
211 457 9
422 561 2
385 748 2
480 932 5
177 401 6
110 159 3
350 437 4
116 167 6
500 941 6
293 369 4
173 459 9
413 472 9
134 430 4
165 440 7
500 951 1
57 117 9
189 450 7
294 522 9
412 492 9
147 371 5
62 458 2
222 382 3
21 314 8
386 696 4
202 511 6
242 459 8
182 587 10
209 260 8
137 451 9
358 818 2
154 528 10
235 330 9
227 694 4
366 718 3
131 185 3
347 642 9
474 803 5
213 250 7
32 57 10
282 516 2
404 791 5
125 599 9
5 57 6
178 448 7
12 412 2
154 400 7
364 583 7
331 615 5
347 514 9
177 626 5
318 522 3
332 660 6
440 772 8
367 729 7
294 667 8
477 856 4
103 197 4
261 685 9
455 726 6
26 473 4
330 594 7
372 819 6
240 478 9
307 412 10
495 745 5
82 308 5
267 448 8
171 612 4
209 605 4
414 835 2
419 521 7
127 600 3
162 374 10
381 751 6
312 528 5
468 618 3
2 418 3
482 920 5
385 884 2
58 322 2
29 212 5
467 776 8
499 822 1
120 175 3
346 712 8
172 358 9
224 411 7
308 328 4
185 589 2
456 769 8
500 693 10
144 303 10
113 122 2
146 275 6
48 374 4
17 514 9
136 209 7
374 606 7
197 613 2
371 595 7
160 235 9
279 497 10
410 593 8
12 340 8
19 246 3
244 487 2
154 384 6
251 354 7
219 371 5
442 816 8
478 511 2
59 222 1
298 370 5
397 832 4
125 431 10
29 78 5
430 485 6
255 412 1
164 391 2
488 656 7
387 885 1
360 416 5
402 607 6
127 228 3
30 107 8
12 118 8
236 623 2
41 535 10
301 458 6
64 560 4
52 286 1
72 517 8
106 452 2
64 388 4
456 662 3
5 222 10
102 406 6
106 450 1
265 762 9
3 63 6
56 168 9
458 493 3
267 760 1
280 336 6
393 756 1
287 506 9
286 606 2
172 449 6
254 648 4
493 889 3
78 381 6
249 361 1
363 741 5
323 480 10
459 860 4
151 339 2
60 385 3
123 471 2
30 132 7
433 527 2
396 419 6
173 444 7
133 267 4
437 745 2
148 266 4
73 194 3
216 396 8
179 333 5
122 306 8
458 574 3
41 404 6
426 462 8
422 590 3
147 604 3
28 484 10
13 42 10
38 282 1
35 309 5
231 478 8
381 585 3
123 367 6
240 409 3
480 922 10
352 440 8
384 851 4
386 866 4
155 172 9
308 711 5
262 747 1
251 616 7
355 695 2
322 401 3
324 382 4
346 608 2
323 820 8
108 490 9
273 662 5
34 82 9
68 377 4
200 611 8
388 653 7
320 759 8
272 534 7
165 624 8
498 780 7
446 687 8
76 442 8
371 770 5
419 885 5
304 321 5
54 459 2
142 366 2
309 656 3
238 601 4
75 436 7
113 271 7
181 414 2
340 795 10
195 421 7
61 90 4
486 920 8
379 455 3
210 594 1
154 275 3
57 105 5
93 253 2
222 414 7
215 247 3
107 185 8
463 601 9
188 663 2
317 522 7
21 435 3
71 491 5
484 812 4
460 733 6
94 588 7
460 668 10
484 798 9
382 511 7
12 328 1
75 560 8
214 219 1
88 164 2
82 493 10
328 698 4
233 696 7
329 603 6
161 419 2
69 560 2
467 469 9
488 916 3
65 206 8
407 635 3
21 183 5
462 951 4
175 396 7
233 634 10
498 559 9
281 763 9
192 640 2
271 558 10
333 536 2
400 862 10
394 728 3
298 593 1
424 893 1
160 213 3
21 71 6
140 471 7
100 122 6
62 354 5
303 780 7
184 412 10
145 267 3
267 538 7
377 571 7
59 264 9
494 720 1
489 706 3
317 633 6
92 321 10
358 389 6
475 690 3
256 467 6
19 497 9
427 633 2
156 273 7
84 194 4
266 716 2
278 544 9
164 373 8
193 260 8
50 443 4
282 430 7
340 506 4
168 613 1
189 289 9
267 302 8
422 723 9
293 723 4
332 425 5
451 588 1
248 434 3
464 784 2
390 549 10
145 471 4
105 471 3
386 871 7
275 681 9
114 165 9
217 451 3
381 565 10
463 746 7
437 683 6
59 546 6
198 329 3
281 369 9
315 788 3
31 278 10
400 760 10
198 627 3
440 601 6
171 295 9
440 852 6
27 497 3
273 292 5
195 494 4
335 448 6
107 603 5
489 884 6
68 512 6
381 616 7
228 486 2
358 555 3
86 309 5
448 795 3
144 538 4
428 656 8
35 222 3
241 416 9
307 549 4
4 478 1
10 64 8
343 754 4
88 584 8
302 597 7
34 325 10
269 487 9
117 221 5
311 656 1
252 255 5
135 141 10
