c
c
d
b
b
a
c
b
c
c
d
a
a
c
a
d
b
d
d
a
100
0
1
0
0
1
0
1
0
0
0
1
0
0
0
1
0
0
1
0
0
1
0
0
0
0
0
1
0
0
1
0
0
0
0
1
0
0
0
1
0
0
0
0
1
1
0
0
0
1
0
0
0
0
0
1
0
1
0
0
0
0
1
0
0
0
1
0
0
0
0
0
1
0
1
0
0
0
1
0
0
200
0
0
1
0
0
0
0
1
0
0
0
1
0
1
0
0
0
1
0
0
0
0
0
1
0
0
1
0
0
1
0
0
0
0
1
0
0
0
1
0
0
0
0
1
1
0
0
0
0
0
0
1
0
0
1
0
1
0
0
0
0
1
0
0
1
0
0
0
0
0
0
1
0
0
0
1
1
0
0
0
300
0
0
1
0
0
0
1
0
0
0
1
1
0
0
0
1
0
1
0
0
0
0
0
1
0
0
1
0
0
1
0
0
0
0
1
0
0
0
1
0
0
0
0
1
0
0
1
0
1
0
0
0
0
0
1
0
1
0
0
0
0
0
0
1
0
1
0
0
0
0
0
1
0
1
0
0
0
1
0
0
101
1
0
1
0
1
0
1
0
0
0
0
1
0
1
0
0
0
1
0
0
1
0
0
0
0
0
1
0
0
1
0
0
0
0
1
0
0
0
1
0
0
0
0
1
1
0
0
0
1
0
0
0
0
0
1
0
1
0
0
0
0
1
0
0
0
1
0
0
0
0
0
1
0
1
0
0
0
1
0
0
201
0
0
1
0
0
0
0
1
0
0
0
1
0
1
0
0
0
1
0
0
0
0
0
1
0
0
1
0
0
1
0
0
0
0
1
0
0
0
1
0
0
0
0
1
1
0
0
0
0
0
0
1
0
0
1
0
1
0
0
0
0
1
0
0
1
0
0
0
0
0
0
1
0
0
0
1
1
0
0
0
301
0
0
1
0
0
0
1
0
0
0
0
1
0
0
0
1
0
1
0
0
0
0
0
1
0
0
1
0
0
1
0
0
0
0
1
0
0
0
1
0
0
0
0
1
0
0
1
0
1
0
0
0
0
0
1
0
1
0
0
0
0
0
0
1
0
1
0
0
0
0
0
1
0
1
0
0
1
0
0
0
102
1
0
1
0
1
0
1
0
0
0
0
1
0
1
0
0
0
1
0
0
1
0
0
0
0
0
1
0
0
1
0
0
0
0
1
0
0
0
1
0
0
0
0
1
1
0
0
0
1
0
0
0
0
0
1
0
1
0
0
0
0
1
0
0
0
1
0
0
0
0
0
1
0
1
0
0
0
1
0
0
202
0
0
1
0
0
0
0
1
0
0
0
1
0
1
0
0
0
1
0
0
0
0
0
1
0
0
1
0
0
1
0
0
0
0
1
0
0
0
1
0
0
0
0
1
1
0
0
0
0
0
0
1
0
0
1
0
1
0
0
0
0
1
0
0
1
0
0
0
0
0
0
1
0
0
0
1
1
0
0
0
302
0
0
1
0
0
0
1
0
0
0
0
1
0
0
0
1
0
1
0
0
0
0
0
1
0
0
1
0
0
1
0
0
0
0
1
0
0
0
1
0
0
0
0
1
0
0
1
0
1
0
0
0
0
0
1
0
1
0
0
0
0
0
0
1
0
1
0
0
0
0
0
1
0
1
0
0
1
0
0
0
103
1
0
1
0
1
0
1
0
0
0
0
1
0
1
0
0
0
1
0
0
1
0
0
0
0
0
1
0
0
1
0
0
0
0
1
0
0
0
1
0
0
0
0
1
1
0
0
0
1
0
0
0
0
0
1
0
1
0
0
0
0
1
0
0
0
1
0
0
0
0
0
1
0
1
0
0
0
1
0
0
203
0
0
1
0
0
0
0
1
0
0
0
1
0
1
0
0
0
1
0
0
0
0
0
1
0
0
1
0
0
1
0
0
0
0
1
0
0
0
1
0
0
0
0
1
1
0
0
0
0
0
0
1
0
0
1
0
1
0
0
0
0
1
0
0
1
0
0
0
0
0
0
1
0
0
0
1
1
0
0
0
303
0
0
1
0
0
0
1
0
0
0
0
1
0
0
0
1
0
1
0
0
0
0
0
1
0
0
1
0
0
1
0
0
0
0
1
0
0
0
1
0
0
0
0
1
0
0
1
0
1
0
0
0
0
0
1
0
1
0
0
0
0
0
0
1
0
1
0
0
0
0
0
1
0
0
0
1
1
0
0
0
104
1
0
1
0
1
0
1
0
0
0
0
1
0
1
0
0
0
1
0
0
1
0
0
0
0
0
1
0
0
1
0
0
0
0
1
0
0
0
1
0
0
0
0
1
1
0
0
0
1
0
0
0
0
0
1
0
1
0
0
0
0
1
0
0
0
1
0
0
0
0
0
1
0
1
0
0
0
1
0
0
204
0
0
1
0
0
0
0
1
0
0
0
1
0
1
0
0
0
1
0
0
0
0
0
1
0
0
1
0
0
1
0
0
0
0
1
0
0
0
1
0
0
0
0
1
1
0
0
0
0
0
0
1
0
0
1
0
1
0
0
0
0
1
0
0
1
0
0
0
0
0
0
1
0
0
0
1
1
0
0
0
304
0
0
1
0
0
0
1
0
0
0
0
1
0
0
0
1
0
1
0
0
0
0
0
1
0
0
1
0
0
1
0
0
0
0
1
0
0
0
1
0
0
0
0
1
0
0
1
0
1
0
0
0
0
0
1
0
1
0
0
0
0
0
0
1
0
1
0
0
0
0
0
1
0
1
0
0
1
0
0
0
401
0
1
0
0
1
0
0
0
0
0
0
1
1
0
0
1
0
1
0
0
0
0
0
1
0
0
1
0
0
1
0
1
0
1
1
0
0
1
0
0
0
0
0
1
0
0
1
0
0
1
0
0
0
0
1
0
0
0
1
0
0
0
0
1
0
1
0
0
0
0
0
1
0
1
0
0
1
0
0
0
-1
Candidato Eliminado
MATRICULA=100

Candidato Eliminado
MATRICULA=401

Habilitado 1
MATRICULA=303
PONTUACAO=46.5

Habilitado 2
MATRICULA=301
PONTUACAO=43.0


