Algoritmo: Gauss

15.000000 10.000000 10.000000 10.000000 10.000000 10.000000 10.000000 10.000000;
20.000000 15.000000 13.005213 12.020850 11.403368 10.914194 10.457097 10.000000;
20.000000 16.994787 15.000000 13.674820 12.678428 11.796311 10.914194 10.000000;
20.000000 17.979150 16.325180 15.000000 13.839214 12.678428 11.403368 10.000000;
20.000000 18.596632 17.321572 16.160786 15.000000 13.674820 12.020850 10.000000;
20.000000 19.085806 18.203689 17.321572 16.325180 15.000000 13.005213 10.000000;
20.000000 19.542903 19.085806 18.596632 17.979150 16.994787 15.000000 10.000000;
20.000000 20.000000 20.000000 20.000000 20.000000 20.000000 20.000000 15.000000;
