50.00 55.04 60.67 47.06 70.49 30.49 90.49 75.50 80.49 34.84 54.61 59.59 68.19 48.09 72.03 38.87 69.29 81.56 88.71 51.22 53.50 65.67 64.03 51.99 72.41 68.56 110.40 85.56 85.08 97.46 
50.04 55.00 60.40 45.49 72.10 33.73 92.10 77.02 80.49 30.48 54.16 56.00 64.56 51.70 73.09 38.22 72.36 75.51 90.65 52.74 58.03 63.56 72.15 57.78 73.10 78.95 108.24 98.38 94.05 92.01 
50.67 55.40 60.00 45.54 70.54 30.40 92.10 77.02 85.16 34.61 52.02 56.51 65.16 49.61 70.54 31.20 64.58 86.22 92.93 40.48 51.70 59.62 78.40 45.40 74.45 64.03 102.15 80.08 98.30 108.30 
52.06 55.49 60.54 45.00 70.58 32.20 90.50 77.56 82.03 35.16 50.50 57.10 64.76 45.49 70.48 32.01 60.55 76.30 84.54 40.45 51.93 63.03 68.03 45.57 70.40 72.77 104.84 79.44 83.10 98.05 
50.49 57.10 60.54 45.58 70.00 30.54 92.20 75.50 86.33 31.51 50.49 55.50 62.56 47.02 70.70 30.50 62.04 81.64 88.22 41.40 50.45 56.70 72.74 46.80 71.91 78.40 96.61 75.44 91.63 102.74 
50.49 58.73 60.40 47.20 70.54 30.00 90.20 77.35 84.84 30.50 52.35 57.10 64.84 45.50 70.51 30.80 64.61 79.56 82.01 40.48 51.30 67.81 63.50 45.48 74.49 68.03 93.44 79.45 82.41 108.33 
50.49 57.10 62.10 45.50 72.20 30.20 90.00 75.20 81.02 30.49 52.10 57.02 64.72 47.56 74.84 32.06 64.06 84.29 82.56 44.58 51.97 55.51 61.93 49.56 82.76 66.61 98.11 90.19 82.11 102.78 
50.50 57.02 62.02 47.56 70.50 32.35 90.20 75.00 80.51 30.54 50.40 55.60 60.49 47.10 71.02 32.02 66.33 79.56 86.70 44.59 52.01 63.71 66.06 49.58 82.81 70.65 106.46 83.56 88.15 104.84 
50.49 55.49 65.16 47.03 76.33 34.84 91.02 75.51 80.00 30.54 50.49 55.54 61.00 45.48 72.02 30.49 64.06 80.63 82.56 48.87 52.01 58.44 68.71 49.58 71.93 72.21 101.16 82.46 90.67 98.15 
54.84 55.48 64.61 50.16 71.51 30.50 90.49 75.54 80.54 30.00 52.10 57.04 60.48 45.60 70.49 30.50 61.51 77.01 81.00 48.41 54.65 56.50 66.05 53.22 74.58 69.68 96.56 77.11 88.11 98.57 
54.61 59.16 62.02 45.50 70.49 32.35 92.10 75.40 80.49 32.10 50.00 55.20 60.51 45.54 70.51 32.02 60.49 80.16 84.61 40.50 52.01 55.52 68.22 45.56 70.45 72.93 96.06 81.99 88.03 98.03 
54.59 56.00 61.51 47.10 70.50 32.10 92.02 75.60 80.54 32.04 50.20 55.00 60.58 45.54 71.02 31.51 60.49 79.72 80.48 44.59 58.19 55.97 62.07 49.58 70.45 64.58 95.63 75.51 92.74 92.05 
58.19 59.56 65.16 49.76 72.56 34.84 94.72 75.49 81.00 30.48 50.51 55.58 60.00 45.54 72.10 30.49 62.10 77.02 80.70 48.37 52.01 63.29 60.55 53.16 71.98 61.97 90.97 84.68 88.07 90.48 
53.09 61.70 64.61 45.49 72.02 30.50 92.56 77.10 80.48 30.60 50.54 55.54 60.54 45.00 70.54 30.50 60.40 77.56 82.02 42.06 54.65 63.87 64.59 47.07 71.30 68.22 92.56 79.56 83.50 94.59 
52.03 58.09 60.54 45.48 70.70 30.51 94.84 76.02 82.02 30.49 50.51 56.02 62.10 45.54 70.00 30.51 62.20 76.51 82.56 40.70 50.48 58.51 63.09 46.10 72.07 66.64 99.29 78.44 83.97 102.93 
58.87 63.22 61.20 47.01 70.50 30.80 92.06 77.02 80.49 30.50 52.02 56.51 60.49 45.50 70.51 30.00 60.30 75.49 82.10 40.49 50.50 58.09 64.16 45.48 74.65 66.70 97.70 84.10 86.05 96.64 
59.29 67.36 64.58 45.55 72.04 34.61 94.06 81.33 84.06 31.51 50.49 55.49 62.10 45.40 72.20 30.30 60.00 75.49 82.35 42.10 54.84 61.33 64.76 47.06 70.90 68.41 92.03 87.36 87.70 94.56 
56.56 55.51 71.22 46.30 76.64 34.56 99.29 79.56 85.63 32.01 55.16 59.72 62.02 47.56 71.51 30.49 60.49 75.00 80.54 44.76 50.48 57.10 60.51 47.03 78.41 60.70 94.84 76.00 82.03 90.50 
58.71 65.65 72.93 49.54 78.22 32.01 92.56 81.70 82.56 31.00 54.61 55.48 60.70 47.02 72.56 32.10 62.35 75.54 80.00 42.10 54.84 55.50 60.49 46.51 72.04 62.02 92.56 77.01 88.41 90.54 
61.22 67.74 60.48 45.45 71.40 30.48 94.58 79.59 88.87 38.41 50.50 59.59 68.37 47.06 70.70 30.49 62.10 79.76 82.10 40.00 50.58 55.48 62.10 45.40 72.10 61.51 92.03 79.58 81.00 95.16 
53.50 63.03 61.70 46.93 70.45 31.30 91.97 77.01 82.01 34.65 52.01 63.19 62.01 49.65 70.48 30.50 64.84 75.48 84.84 40.58 50.00 55.90 60.49 45.51 70.50 64.72 90.50 76.97 83.09 94.16 
60.67 63.56 64.62 53.03 71.70 42.81 90.51 83.71 83.44 31.50 50.52 55.97 68.29 53.87 73.51 33.09 66.33 77.10 80.50 40.48 50.90 55.00 60.51 49.61 71.51 62.20 90.58 77.02 80.50 94.76 
54.03 67.15 78.40 53.03 82.74 33.50 91.93 81.06 88.71 36.05 58.22 57.07 60.55 49.59 73.09 34.16 64.76 75.51 80.49 42.10 50.49 55.51 60.00 47.10 71.02 60.54 90.40 75.54 80.50 90.50 
56.99 67.78 60.40 45.57 71.80 30.48 94.56 79.58 84.58 38.22 50.56 59.58 68.16 47.07 71.10 30.48 62.06 77.03 81.51 40.40 50.51 59.61 62.10 45.00 70.54 60.60 92.03 75.56 82.06 94.84 
52.41 58.10 64.45 45.40 71.91 34.49 102.76 87.81 81.93 34.58 50.45 55.45 61.98 46.30 72.07 34.65 60.90 83.41 82.04 42.10 50.50 56.51 61.02 45.54 70.00 60.49 94.72 77.07 80.49 92.20 
58.56 73.95 64.03 57.77 88.40 38.03 96.61 85.65 92.21 39.68 62.93 59.58 61.97 53.22 76.64 36.70 68.41 75.70 82.02 41.51 54.72 57.20 60.54 45.60 70.49 60.00 92.20 75.48 82.35 90.51 
70.40 73.24 72.15 59.84 76.61 33.44 98.11 91.46 91.16 36.56 56.06 60.63 60.97 47.56 79.29 37.70 62.03 79.84 82.56 42.03 50.50 55.58 60.40 47.03 74.72 62.20 90.00 75.51 80.49 92.56 
60.56 78.38 65.08 49.44 70.44 34.45 105.19 83.56 87.46 32.11 56.99 55.51 69.68 49.56 73.44 39.10 72.36 76.00 82.01 44.58 51.97 57.02 60.54 45.56 72.07 60.48 90.51 75.00 84.76 98.37 
55.08 69.05 78.30 48.10 81.63 32.41 92.11 83.15 90.67 38.11 58.03 67.74 68.07 48.50 73.97 36.05 67.70 77.03 88.41 41.00 53.09 55.50 60.50 47.06 70.49 62.35 90.49 79.76 80.00 90.51 
57.46 57.01 78.30 53.05 82.74 48.33 102.78 89.84 88.15 38.57 58.03 57.05 60.48 49.59 82.93 36.64 64.56 75.50 80.54 45.16 54.16 59.76 60.50 49.84 72.20 60.51 92.56 83.37 80.51 90.00 
