0.00 3.61 6.71 8.25 7.07 6.08 4.12 5.00 4.12 5.83 8.54 10.44 11.70 10.30 9.22 10.82 12.73 16.40 15.56 14.76 15.23 20.52 19.21 18.38 20.12 21.40 21.93 26.40 24.21 23.32 
3.61 0.00 4.00 6.08 5.39 5.66 4.47 6.32 7.07 8.06 8.49 10.00 11.40 10.63 10.30 12.65 13.89 17.03 16.64 16.76 17.46 21.40 20.59 20.62 22.14 22.83 22.80 26.87 25.55 25.08 
6.71 4.00 0.00 2.24 2.24 4.00 4.47 6.32 8.60 8.54 6.32 7.21 8.60 8.54 9.06 12.00 12.37 14.76 14.87 16.03 17.00 19.24 18.97 20.02 21.21 21.19 20.59 24.21 23.77 23.77 
8.25 6.08 2.24 0.00 1.41 3.61 5.00 6.40 9.22 8.60 5.00 5.39 6.71 7.07 8.06 11.18 11.05 13.00 13.34 15.03 16.12 17.46 17.46 19.03 20.02 19.65 18.79 22.20 22.14 22.36 
7.07 5.39 2.24 1.41 0.00 2.24 3.61 5.00 7.81 7.21 4.12 5.00 6.40 6.32 7.00 10.05 10.20 12.53 12.65 14.00 15.03 17.00 16.76 18.00 19.10 18.97 18.36 22.02 21.54 21.59 
6.08 5.66 4.00 3.61 2.24 0.00 2.00 2.83 5.83 5.00 2.83 4.47 5.83 5.00 5.10 8.00 8.54 11.40 11.18 12.04 13.00 15.81 15.23 16.03 17.26 17.46 17.20 21.21 20.12 19.92 
4.12 4.47 4.47 5.00 3.61 2.00 0.00 2.00 4.24 4.12 4.47 6.32 7.62 6.40 5.83 8.25 9.43 12.73 12.21 12.37 13.15 17.03 16.12 16.28 17.72 18.36 18.44 22.67 21.10 20.62 
5.00 6.32 6.32 6.40 5.00 2.83 2.00 0.00 3.16 2.24 4.00 6.00 7.07 5.39 4.24 6.32 7.81 11.40 10.63 10.44 11.18 15.56 14.42 14.32 15.81 16.64 16.97 21.40 19.42 18.79 
4.12 7.07 8.60 9.22 7.81 5.83 4.24 3.16 0.00 2.24 7.07 9.06 10.00 8.06 6.32 7.07 9.43 13.42 12.21 10.82 11.18 17.20 15.56 14.32 16.12 17.69 18.60 23.32 20.52 19.42 
5.83 8.06 8.54 8.60 7.21 5.00 4.12 2.24 2.24 0.00 5.39 7.28 8.06 6.00 4.12 5.00 7.21 11.18 10.00 8.94 9.49 15.00 13.45 12.65 14.32 15.62 16.40 21.10 18.44 17.49 
8.54 8.49 6.32 5.00 4.12 2.83 4.47 4.00 7.07 5.39 0.00 2.00 3.16 2.24 3.16 6.32 6.08 8.60 8.54 10.05 11.18 13.04 12.65 14.04 15.03 14.87 14.42 18.38 17.46 17.46 
10.44 10.00 7.21 5.39 5.00 4.47 6.32 6.00 9.06 7.28 2.00 0.00 1.41 2.24 4.24 7.21 6.08 7.62 8.06 10.44 11.70 12.08 12.17 14.32 15.03 14.32 13.42 17.03 16.76 17.12 
11.70 11.40 8.60 6.71 6.40 5.83 7.62 7.07 10.00 8.06 3.16 1.41 0.00 2.24 4.47 7.07 5.39 6.32 7.00 9.85 11.18 10.77 11.05 13.60 14.14 13.15 12.08 15.62 15.52 16.03 
10.30 10.63 8.54 7.07 6.32 5.00 6.40 5.39 8.06 6.00 2.24 2.24 2.24 0.00 2.24 5.00 4.00 6.40 6.32 8.25 9.49 10.82 10.44 12.17 13.00 12.65 12.21 16.28 15.23 15.30 
9.22 10.30 9.06 8.06 7.00 5.10 5.83 4.24 6.32 4.12 3.16 4.24 4.47 2.24 0.00 3.16 3.61 7.21 6.40 7.00 8.06 11.31 10.30 11.00 12.17 12.53 12.73 17.20 15.26 14.87 
10.82 12.65 12.00 11.18 10.05 8.00 8.25 6.32 7.07 5.00 6.32 7.21 7.07 5.00 3.16 0.00 3.00 7.07 5.39 4.12 5.00 10.30 8.49 8.06 9.49 10.63 11.66 16.55 13.45 12.53 
12.73 13.89 12.37 11.05 10.20 8.54 9.43 7.81 9.43 7.21 6.08 6.08 5.39 4.00 3.61 3.00 0.00 4.12 2.83 4.47 5.83 7.81 6.71 8.25 9.00 8.94 9.22 13.89 11.66 11.40 
16.40 17.03 14.76 13.00 12.53 11.40 12.73 11.40 13.42 11.18 8.60 7.62 6.32 6.40 7.21 7.07 4.12 0.00 2.24 6.71 8.06 4.47 5.10 9.22 8.94 7.00 5.83 10.00 9.22 10.05 
15.56 16.64 14.87 13.34 12.65 11.18 12.21 10.63 12.21 10.00 8.54 8.06 7.00 6.32 6.40 5.39 2.83 2.24 0.00 4.47 5.83 5.00 4.12 7.21 7.28 6.32 6.40 11.18 8.94 9.06 
14.76 16.76 16.03 15.03 14.00 12.04 12.37 10.44 10.82 8.94 10.05 10.44 9.85 8.25 7.00 4.12 4.47 6.71 4.47 0.00 1.41 8.06 5.39 4.00 5.39 7.21 9.22 14.32 10.00 8.60 
15.23 17.46 17.00 16.12 15.03 13.00 13.15 11.18 11.18 9.49 11.18 11.70 11.18 9.49 8.06 5.00 5.83 8.06 5.83 1.41 0.00 9.00 6.08 3.16 5.00 7.62 10.05 15.13 10.30 8.49 
20.52 21.40 19.24 17.46 17.00 15.81 17.03 15.56 17.20 15.00 13.04 12.08 10.77 10.82 11.31 10.30 7.81 4.47 5.00 8.06 9.00 0.00 3.16 8.54 7.21 3.61 1.41 6.32 5.00 6.71 
19.21 20.59 18.97 17.46 16.76 15.23 16.12 14.42 15.56 13.45 12.65 12.17 11.05 10.44 10.30 8.49 6.71 5.10 4.12 5.39 6.08 3.16 0.00 5.39 4.24 2.24 4.00 9.06 5.00 5.00 
18.38 20.62 20.02 19.03 18.00 16.03 16.28 14.32 14.32 12.65 14.04 14.32 13.60 12.17 11.00 8.06 8.25 9.22 7.21 4.00 3.16 8.54 5.39 0.00 2.24 6.00 9.22 14.04 8.25 5.83 
20.12 22.14 21.21 20.02 19.10 17.26 17.72 15.81 16.12 14.32 15.03 15.03 14.14 13.00 12.17 9.49 9.00 8.94 7.28 5.39 5.00 7.21 4.24 2.24 0.00 4.12 7.62 12.17 6.08 3.61 
21.40 22.83 21.19 19.65 18.97 17.46 18.36 16.64 17.69 15.62 14.87 14.32 13.15 12.65 12.53 10.63 8.94 7.00 6.32 7.21 7.62 3.61 2.24 6.00 4.12 0.00 3.61 8.06 2.83 3.16 
21.93 22.80 20.59 18.79 18.36 17.20 18.44 16.97 18.60 16.40 14.42 13.42 12.08 12.21 12.73 11.66 9.22 5.83 6.40 9.22 10.05 1.41 4.00 9.22 7.62 3.61 0.00 5.10 4.12 6.40 
26.40 26.87 24.21 22.20 22.02 21.21 22.67 21.40 23.32 21.10 18.38 17.03 15.62 16.28 17.20 16.55 13.89 10.00 11.18 14.32 15.13 6.32 9.06 14.04 12.17 8.06 5.10 0.00 6.71 9.85 
24.21 25.55 23.77 22.14 21.54 20.12 21.10 19.42 20.52 18.44 17.46 16.76 15.52 15.23 15.26 13.45 11.66 9.22 8.94 10.00 10.30 5.00 5.00 8.25 6.08 2.83 4.12 6.71 0.00 3.16 
23.32 25.08 23.77 22.36 21.59 19.92 20.62 18.79 19.42 17.49 17.46 17.12 16.03 15.30 14.87 12.53 11.40 10.05 9.06 8.60 8.49 6.71 5.00 5.83 3.61 3.16 6.40 9.85 3.16 0.00 
