E 761 
2 1
passar 3 
doc1.txt 1 
96 
doc2.txt 1 
298 
doc3.txt 17 
10503 9661 9033 8625 8045 7125 6466 5811 5515 4864 4207 3723 2797 2070 1739 1098 210 

3 1
atividade 2 
doc2.txt 2 
226 68 
doc3.txt 33 
10296 10056 9588 9415 8963 8772 8419 7925 7782 7200 7022 6968 6488 6032 5848 5616 5415 4757 4714 4254 4056 3645 3266 3031 2766 2208 2130 1557 1458 1266 968 555 392 

4 1
dissociar 3 
doc1.txt 1 
135 
doc2.txt 1 
318 
doc3.txt 16 
9617 9056 8917 8162 7507 6671 5914 5659 5024 3843 3208 3144 2389 1442 810 582 

9 1
lidar 1 
doc3.txt 16 
9716 9344 8313 7709 7301 6660 5765 5410 4971 4247 3507 2816 2178 1388 1011 625 

13 1
apropriadas 2 
doc1.txt 1 
119 
doc3.txt 17 
10231 9772 9148 8869 8010 7418 6718 5839 5646 4942 3987 3498 2854 2217 1566 791 236 

17 2
produtivos 2 
doc2.txt 1 
336 
doc3.txt 16 
9806 9246 8603 7945 7096 6424 6364 5447 4808 3894 3742 3139 2188 1907 928 296 

nivel 1 
doc3.txt 17 
10215 9929 9294 8680 7753 7136 6842 5841 5648 4798 3930 3303 2879 2062 1431 835 350 

18 1
caros 1 
doc3.txt 17 
10388 9759 9522 8547 7902 7496 6377 5820 5189 5030 4093 3479 2837 2378 1749 775 535 

20 3
todo 2 
doc1.txt 1 
167 
doc3.txt 17 
10366 9910 9542 8785 8247 7078 6438 5799 5430 4749 4445 3586 2938 2469 1379 679 589 

modificacoes 3 
doc1.txt 1 
98 
doc2.txt 1 
300 
doc3.txt 17 
10505 9663 9035 8627 8047 7127 6468 5813 5517 4866 4209 3725 2799 2072 1741 1100 212 

investimento 1 
doc3.txt 17 
10311 10175 9500 8543 7898 7337 6453 5816 5520 4869 4212 3728 2627 2535 1546 1064 613 

22 1
modos 2 
doc2.txt 1 
21 
doc3.txt 17 
10327 10077 9401 8845 8199 7358 6391 6003 5222 4913 3946 3320 2586 2275 1488 1024 383 

23 3
proposicoes 2 
doc2.txt 1 
123 
doc3.txt 17 
10552 9927 9292 8885 8150 7510 6791 6153 5543 4817 4159 3340 2568 2377 1710 866 86 

influencia 2 
doc1.txt 1 
64 
doc3.txt 17 
10267 10186 9552 8875 8234 7062 6664 6213 5596 4473 4203 3702 2904 2267 1716 822 449 

funcionais 2 
doc2.txt 1 
192 
doc3.txt 33 
10431 10139 9604 9423 9357 8633 8522 7813 7750 7399 7133 6776 6474 6132 6109 5708 5502 5102 4851 4465 4071 3678 3456 2998 2980 2354 2336 1747 1429 1211 853 218 66 

26 1
valorizacao 2 
doc2.txt 1 
180 
doc3.txt 16 
9568 9091 8750 8040 7566 6930 6249 5634 4601 3954 3329 2674 2249 1774 1218 416 

27 1
qual 2 
doc2.txt 1 
130 
doc3.txt 33 
10455 9968 9822 9468 9333 8833 8695 8126 8110 7648 7466 6626 6482 6261 6139 5664 5593 4767 4599 4200 3967 3655 3568 3063 3039 2493 2403 1891 1476 1255 901 516 252 

34 1
recursos 1 
doc3.txt 16 
10138 9356 8632 7749 7132 6473 6108 5501 4850 4070 3455 2979 2335 1746 1210 217 

36 1
mercados 1 
doc3.txt 17 
10321 9611 9263 8318 7674 7280 6725 6059 5653 4787 4277 3419 2743 2107 1480 667 630 

40 1
ortodoxas 1 
doc3.txt 17 
10488 9794 9169 8586 7700 7603 6888 5966 5188 4613 4337 3784 2669 2036 1405 960 429 

41 1
crescente 2 
doc1.txt 1 
63 
doc3.txt 17 
10266 10185 9551 8874 8233 7061 6663 6212 5595 4472 4202 3701 2903 2266 1715 821 448 

43 1
convencionais 2 
doc2.txt 1 
24 
doc3.txt 17 
10330 10080 9404 8848 8202 7361 6394 6006 5225 4916 3949 3323 2589 2278 1491 1027 386 

45 1
reestruturacao 2 
doc2.txt 1 
145 
doc3.txt 16 
10173 9535 8450 7745 7414 6771 6127 5183 4539 4189 3694 2975 2331 1621 975 232 

50 1
faz 1 
doc3.txt 17 
10221 9746 9283 8642 8141 7065 6425 5889 5253 4623 3977 3349 2578 2287 1839 719 357 

55 1
estende 1 
doc3.txt 16 
9594 9139 8604 8279 7548 6908 6284 5448 4809 4455 3816 2745 2109 1307 782 632 

61 1
se 3 
doc1.txt 1 
134 
doc2.txt 1 
317 
doc3.txt 32 
10003 9616 9389 9055 8916 8706 8161 7965 7506 7087 6670 6571 5930 5913 5658 5295 5023 4643 4428 3842 3793 3207 3158 3143 2519 2388 1536 1441 809 800 581 469 

66 2
mundo 2 
doc1.txt 1 
60 
doc3.txt 16 
10100 9111 8887 8249 7605 6963 6331 5631 4995 3989 3213 2690 2339 1712 987 202 

internacionais 2 
doc2.txt 1 
270 
doc3.txt 17 
10241 9678 9176 8443 7804 7181 6998 5746 5698 4826 4168 3554 2990 2345 1860 1138 243 

70 1
atingir 2 
doc2.txt 1 
347 
doc3.txt 17 
10280 9838 9061 8901 7769 7290 6838 6374 5627 5063 4417 3540 2805 2394 1447 754 532 

72 1
regras 1 
doc3.txt 17 
10343 9704 9079 8431 7795 7315 6983 5873 5479 4483 4003 3298 2647 1955 1314 1185 545 

77 1
dos 3 
doc1.txt 7 
195 179 111 73 52 29 18 
doc2.txt 10 
343 319 268 190 169 161 94 49 20 11 
doc3.txt 249 
10586 10574 10564 10528 10429 10326 10320 10276 10239 10094 10076 10006 9952 9886 9863 9834 9730 9682 9676 9665 9658 9643 9610 9602 9559 9471 9457 9441 9421 9400 9392 9269 9262 9174 9102 9057 9037 9030 8975 8909 8897 8844 8802 8731 8672 8565 8520 8451 8441 8406 8385 8367 8325 8317 8285 8275 8198 8165 8085 8056 7979 7914 7854 7811 7802 7765 7713 7679 7673 7631 7609 7590 7554 7490 7457 7397 7357 7286 7279 7245 7226 7179 7148 7049 7008 6996 6947 6834 6803 6774 6724 6606 6597 6586 6556 6497 6406 6390 6381 6370 6324 6318 6280 6242 6198 6130 6082 6058 6002 5942 5915 5896 5854 5744 5721 5706 5696 5652 5623 5604 5582 5572 5388 5380 5280 5239 5221 5214 5156 5100 5081 5059 5025 5017 4986 4912 4824 4786 4726 4695 4655 4619 4513 4500 4463 4413 4376 4367 4288 4276 4190 4173 4166 4105 3945 3917 3875 3853 3844 3822 3746 3720 3676 3559 3552 3536 3471 3418 3396 3375 3346 3319 3217 3209 3185 3170 3014 2996 2988 2894 2829 2820 2801 2776 2742 2729 2694 2585 2574 2507 2432 2390 2352 2343 2296 2274 2257 2230 2145 2106 2096 2066 2044 1970 1858 1846 1753 1723 1667 1622 1520 1503 1487 1479 1467 1443 1427 1415 1392 1275 1136 1023 999 912 883 851 831 811 750 717 700 666 658 649 638 629 575 528 496 382 301 241 198 176 152 108 64 21 12 

78 1
devidamente 1 
doc3.txt 16 
9998 9384 8701 7960 7082 6566 5925 5290 4638 4423 3788 3153 2514 1531 795 464 

79 1
fenomeno 1 
doc3.txt 17 
10218 10069 9114 8890 8252 7139 6462 6013 5469 4574 4406 3769 2656 2405 1538 1172 223 

81 2
demonstrou 1 
doc3.txt 17 
10579 9957 9322 8535 8000 7372 6877 5829 5534 4579 4308 3619 2866 2138 1701 1177 262 

conseguinte 2 
doc1.txt 1 
169 
doc3.txt 17 
10571 9894 9259 8331 8152 7512 6778 6096 5484 4710 3866 3811 2591 2126 1551 1170 238 

82 1
consequencias 3 
doc1.txt 1 
178 
doc2.txt 1 
187 
doc3.txt 17 
10426 10075 9558 8390 7896 7285 6802 5775 5137 4512 4412 3224 2700 2349 1335 697 300 

85 1
mobilidade 2 
doc2.txt 1 
267 
doc3.txt 17 
10238 9675 9173 8440 7801 7178 6995 5743 5695 4823 4165 3551 2987 2342 1857 1135 240 

87 1
positivamente 1 
doc3.txt 17 
10522 9808 8986 8494 7850 7222 6692 6366 5717 5077 4435 3597 3071 2428 1663 654 17 

90 1
pratica 1 
doc3.txt 16 
10122 9425 8787 8130 7015 6591 5946 5690 5067 4144 3659 3000 2261 1630 1152 368 

91 1
solucoes 1 
doc3.txt 17 
10487 9793 9168 8585 7699 7602 6887 5965 5187 4612 4336 3783 2668 2035 1404 959 428 

96 1
contribuicao 2 
doc2.txt 1 
114 
doc3.txt 17 
10608 9985 9194 8558 7825 7637 7001 6167 5115 4932 4281 3488 3104 2527 1880 1244 605 

98 2
modelo 2 
doc2.txt 1 
108 
doc3.txt 17 
10602 10104 9188 8620 7689 7447 6638 6142 5146 4999 4348 3511 3066 2159 1495 741 97 

financeiras 2 
doc2.txt 1 
257 
doc3.txt 16 
9942 9226 8612 8265 7621 6674 5753 5685 5044 4089 3254 2605 1994 1354 1043 406 

100 1
valor 2 
doc2.txt 1 
89 
doc3.txt 17 
10561 9937 9178 8688 7947 7487 6449 6017 5392 5056 4170 3556 2908 2271 1720 670 245 

101 1
estudo 1 
doc2.txt 1 
1 

102 2
sistema 2 
doc2.txt 2 
278 76 
doc3.txt 33 
10249 10017 9619 9518 8991 8650 8341 8220 7879 7576 7380 6856 6733 6068 5777 5455 5139 4891 4793 4394 4139 3519 3226 2874 2752 2239 2116 1645 1593 977 771 320 131 

envolvidos 1 
doc3.txt 16 
10140 9358 8634 7751 7134 6475 6110 5503 4852 4072 3457 2981 2337 1748 1212 219 

103 1
pelo 2 
doc2.txt 1 
129 
doc3.txt 17 
10454 9821 9467 8832 8109 7465 6481 6138 5592 4598 4199 3567 3062 2402 1475 900 515 

107 1
facilita 1 
doc3.txt 16 
9766 9416 8403 7676 7201 6642 5999 5421 4789 4100 3515 2991 2163 1515 886 195 

108 1
revolucao 2 
doc1.txt 1 
110 
doc3.txt 16 
9657 9029 8384 7712 7608 6596 6081 5213 4694 3916 3719 2819 2229 1752 716 495 

111 2
estrategicos 2 
doc2.txt 1 
345 
doc3.txt 17 
10278 9836 9059 8899 7767 7288 6836 6372 5625 5061 4415 3538 2803 2392 1445 752 530 

definicao 2 
doc2.txt 1 
210 
doc3.txt 17 
10380 10015 9480 8739 8121 7522 6494 5941 5306 4654 4001 3374 2683 2053 1866 830 61 

113 1
garante 2 
doc2.txt 1 
112 
doc3.txt 17 
10606 9983 9192 8556 7823 7635 6999 6165 5113 4930 4279 3486 3102 2525 1878 1242 603 

116 1
atipicas 2 
doc2.txt 1 
275 
doc3.txt 17 
10465 9726 8973 8298 7662 7047 6584 6305 5621 4982 4356 3578 2930 1990 1350 910 148 

117 2
nao 3 
doc1.txt 2 
131 39 
doc2.txt 3 
314 243 155 
doc3.txt 67 
10578 10538 10432 10081 9956 9913 9613 9361 9321 9276 9052 8913 8851 8635 8534 8205 8158 7999 7651 7503 7400 7371 7343 6876 6792 6667 6541 5910 5901 5828 5740 5709 5669 5655 5533 5048 5020 4732 4578 4318 4307 4075 3839 3698 3618 3608 3204 3140 3042 3022 2865 2385 2318 2137 1978 1790 1700 1438 1281 1176 806 757 682 578 331 261 220 

levar 2 
doc2.txt 1 
141 
doc3.txt 16 
10169 9531 8446 7741 7410 6767 6123 5179 4535 4185 3690 2971 2327 1617 971 228 

118 3
internet 1 
doc3.txt 17 
10220 10071 9116 8892 8254 7141 6464 6015 5471 4576 4408 3771 2658 2407 1540 1174 225 

importancia 2 
doc2.txt 1 
254 
doc3.txt 33 
10341 9702 9599 9144 9077 8609 8429 8284 8218 7574 7553 6938 6913 6289 5853 5453 5220 4889 4814 4460 3962 3821 3337 3013 2750 2114 2010 1803 1312 1165 787 637 83 

estabelecimento 3 
doc1.txt 1 
160 
doc2.txt 2 
168 91 
doc3.txt 33 
10563 10193 9939 9516 9180 8882 8690 7978 7949 7489 7335 6731 6451 6019 5792 5555 5394 5058 5041 4259 4172 3650 3558 3124 2910 2273 1969 1722 1643 998 672 381 247 

121 1
nas 1 
doc3.txt 17 
10334 9980 9509 8291 7655 7305 6526 5886 5250 4493 4035 3243 3046 2023 1435 803 167 

123 1
metodos 3 
doc1.txt 1 
53 
doc2.txt 1 
320 
doc3.txt 17 
10587 9887 9270 8673 7855 7050 6557 5916 5281 4656 4289 3823 3186 2433 1623 812 177 

128 2
conhecimentos 2 
doc2.txt 1 
344 
doc3.txt 17 
10277 9835 9058 8898 7766 7287 6835 6371 5624 5060 4414 3537 2802 2391 1444 751 529 

a 3 
doc1.txt 12 
210 200 193 170 114 109 91 62 43 25 16 12 
doc2.txt 22 
348 341 292 289 266 251 245 219 209 206 200 179 159 144 142 113 83 63 47 42 16 9 
doc3.txt 774 
10618 10607 10572 10555 10548 10542 10523 10497 10493 10473 10456 10441 10379 10376 10371 10358 10352 10349 10338 10332 10324 10318 10308 10281 10265 10246 10244 10237 10214 10207 10184 10172 10170 10162 10150 10144 10121 10112 10110 10092 10089 10059 10051 10014 10011 10004 9984 9978 9950 9931 9928 9923 9902 9871 9861 9851 9839 9823 9809 9778 9767 9761 9756 9742 9718 9715 9708 9699 9693 9690 9680 9656 9608 9598 9576 9567 9550 9534 9532 9524 9507 9497 9479 9476 9469 9455 9432 9424 9417 9410 9390 9375 9373 9351 9346 9343 9336 9302 9296 9293 9267 9260 9234 9222 9193 9172 9153 9143 9134 9126 9121 9090 9074 9068 9062 9028 9013 9010 8987 8981 8930 8927 8907 8902 8895 8873 8864 8862 8842 8822 8811 8791 8786 8767 8755 8749 8746 8738 8735 8707 8679 8661 8608 8591 8557 8552 8528 8506 8495 8488 8480 8475 8468 8449 8447 8439 8426 8404 8398 8383 8365 8362 8338 8321 8315 8312 8305 8289 8283 8273 8261 8239 8232 8215 8209 8196 8153 8137 8129 8120 8117 8111 8097 8081 8054 8039 8036 8031 8018 7989 7920 7904 7888 7851 7844 7824 7807 7800 7792 7790 7770 7763 7760 7755 7752 7744 7742 7734 7711 7708 7701 7694 7677 7671 7653 7636 7629 7617 7607 7597 7594 7588 7571 7565 7552 7526 7521 7518 7473 7467 7455 7453 7433 7413 7411 7385 7365 7347 7327 7323 7303 7300 7293 7291 7277 7253 7233 7223 7216 7202 7195 7192 7184 7144 7135 7120 7101 7060 7038 7029 7014 7000 6994 6980 6959 6954 6951 6945 6935 6929 6912 6903 6853 6851 6841 6839 6832 6825 6817 6812 6794 6785 6770 6768 6756 6745 6722 6704 6693 6682 6662 6659 6652 6643 6612 6595 6590 6554 6545 6524 6510 6493 6490 6483 6444 6404 6397 6379 6375 6367 6344 6333 6322 6316 6288 6278 6255 6248 6240 6238 6231 6224 6211 6187 6166 6147 6126 6124 6113 6103 6097 6080 6065 6056 6052 6000 5978 5975 5970 5950 5945 5940 5937 5931 5884 5863 5850 5843 5840 5822 5764 5757 5749 5742 5734 5718 5711 5694 5689 5681 5679 5650 5647 5633 5628 5611 5594 5580 5570 5546 5528 5506 5496 5485 5452 5435 5422 5409 5402 5386 5353 5350 5331 5326 5305 5302 5296 5278 5272 5248 5237 5231 5217 5212 5206 5191 5182 5180 5152 5129 5114 5096 5087 5078 5066 5064 5050 5015 4973 4970 4963 4950 4931 4910 4908 4886 4881 4855 4837 4828 4822 4813 4797 4790 4784 4752 4741 4698 4693 4681 4670 4666 4653 4650 4644 4617 4607 4600 4560 4546 4538 4536 4504 4498 4491 4480 4477 4471 4459 4436 4418 4374 4371 4365 4342 4302 4280 4274 4249 4246 4239 4225 4201 4188 4186 4178 4164 4155 4148 4143 4101 4085 4079 4039 4033 4025 4020 4012 4009 4000 3997 3991 3959 3953 3943 3932 3929 3915 3899 3897 3873 3867 3859 3851 3834 3820 3812 3778 3760 3744 3718 3706 3700 3693 3691 3684 3663 3658 3640 3612 3598 3569 3550 3541 3526 3516 3506 3499 3487 3465 3459 3423 3416 3394 3383 3373 3370 3364 3359 3344 3334 3328 3308 3302 3287 3284 3276 3274 3250 3247 3215 3181 3176 3103 3098 3078 3072 3050 3044 3033 3026 3010 3004 2999 2992 2986 2974 2972 2953 2946 2902 2892 2881 2878 2860 2818 2815 2808 2806 2774 2749 2740 2736 2718 2692 2682 2679 2673 2663 2636 2633 2624 2622 2601 2598 2592 2572 2546 2541 2526 2505 2487 2478 2474 2429 2409 2395 2373 2341 2330 2328 2313 2306 2282 2265 2260 2255 2248 2245 2236 2233 2228 2203 2177 2170 2164 2113 2104 2085 2064 2061 2052 2049 2042 2030 2028 2021 2014 2007 2001 1982 1960 1945 1909 1879 1865 1862 1856 1829 1800 1779 1773 1759 1756 1751 1714 1687 1673 1664 1657 1634 1629 1620 1618 1611 1590 1580 1552 1543 1516 1510 1501 1477 1465 1452 1448 1433 1430 1423 1413 1399 1397 1390 1387 1380 1363 1342 1311 1302 1283 1273 1243 1238 1223 1217 1205 1162 1156 1151 1134 1117 1110 1079 1073 1070 1030 1019 1013 1010 1003 974 972 963 954 933 930 892 887 881 855 837 834 829 826 820 801 786 777 768 766 759 755 735 715 664 655 647 636 627 624 617 604 599 573 562 550 542 537 533 526 524 517 494 477 470 447 439 415 372 367 349 346 341 335 317 239 231 229 204 196 174 171 165 140 126 120 91 80 60 57 51 48 18 10 

129 1
lado 2 
doc2.txt 1 
82 
doc3.txt 17 
10472 9797 9506 8352 7686 7364 6721 6079 5211 4616 3972 3343 2571 2281 1301 663 26 

131 1
um 3 
doc1.txt 1 
166 
doc2.txt 2 
233 116 
doc3.txt 85 
10610 10365 10271 10224 9987 9909 9784 9749 9638 9541 9286 9248 9196 9159 8784 8667 8645 8560 8512 8246 8144 8023 7872 7827 7639 7390 7239 7077 7068 7003 6710 6600 6437 6428 6169 6039 5956 5892 5798 5429 5375 5256 5197 5117 4955 4934 4748 4626 4551 4444 4388 4327 4283 3980 3800 3585 3490 3352 3313 3165 3106 2937 2845 2581 2529 2468 2458 2290 1928 1882 1842 1815 1378 1289 1246 1058 843 722 678 607 588 360 102 34 3 

132 2
e 3 
doc1.txt 2 
175 86 
doc2.txt 9 
261 258 237 208 196 184 61 31 26 
doc3.txt 199 
10596 10423 10411 10406 10378 10315 10291 10141 10091 10072 10027 10022 10013 9974 9943 9788 9773 9654 9597 9555 9546 9478 9447 9227 9163 9142 9129 9026 9012 8952 8947 8870 8737 8657 8613 8607 8516 8483 8460 8455 8387 8381 8364 8282 8266 8229 8179 8174 8119 8014 7893 7876 7839 7762 7732 7622 7596 7551 7535 7530 7520 7442 7282 7273 7243 7211 7115 6953 6927 6911 6895 6890 6799 6675 6632 6609 6604 6492 6439 6287 6270 6265 6206 5992 5977 5967 5960 5939 5880 5772 5754 5724 5686 5566 5451 5367 5352 5318 5313 5304 5226 5201 5134 5084 5045 4920 4812 4776 4771 4688 4652 4571 4555 4509 4479 4458 4409 4373 4331 4270 4119 4114 4090 4050 4028 3999 3913 3819 3679 3587 3546 3440 3408 3403 3372 3317 3255 3249 3221 3087 3082 2918 2855 2849 2784 2748 2716 2697 2681 2606 2600 2445 2440 2346 2235 2226 2153 2112 2099 2051 1995 1939 1932 1864 1768 1758 1654 1603 1598 1575 1409 1355 1332 1310 1293 1132 1044 940 932 873 868 847 828 785 711 694 644 635 492 407 297 280 275 186 173 135 106 59 7 

amigos 1 
doc3.txt 17 
10389 9760 9523 8548 7903 7497 6378 5821 5190 5031 4094 3480 2838 2379 1750 776 536 

133 1
objetivos 1 
doc3.txt 16 
9782 9157 8510 8157 7351 6708 5826 5195 4977 4083 3463 2950 2482 1306 841 208 

134 1
tendencias 1 
doc3.txt 17 
10303 9856 9217 8817 8256 7612 6975 6339 5491 4676 3938 3773 2887 2368 1585 1200 557 

135 3
mudanca 1 
doc3.txt 17 
10585 9963 9328 8541 8006 7378 6883 5835 5540 4585 4314 3625 2872 2144 1707 1183 268 

aprovar 1 
doc3.txt 17 
10307 9860 9221 8821 8260 7616 6979 6343 5495 4680 3942 3777 2891 2372 1589 1204 561 

acarreta 2 
doc2.txt 1 
232 
doc3.txt 16 
9783 9158 8511 7871 7238 6599 5955 5196 4550 4326 3312 2844 1927 1288 842 101 

138 2
relacao 3 
doc1.txt 1 
33 
doc2.txt 1 
98 
doc3.txt 17 
10532 9734 9106 8806 8169 7152 6501 6202 5160 4990 4109 3475 2833 2300 1524 704 156 

percebemos 1 
doc3.txt 17 
10232 9562 9405 8762 7814 7419 6505 5858 5164 4873 3829 3258 2609 2198 1358 1047 410 

142 1
o 3 
doc1.txt 9 
203 186 148 141 120 105 88 78 1 
doc2.txt 12 
328 309 264 223 131 127 106 53 39 32 29 5 
doc3.txt 358 
10600 10516 10512 10452 10434 10419 10412 10409 10390 10293 10283 10258 10217 10200 10126 10119 10102 10083 10068 10035 10028 10025 9946 9917 9895 9875 9848 9841 9819 9798 9776 9668 9646 9629 9595 9585 9490 9465 9450 9429 9365 9315 9311 9278 9238 9211 9186 9140 9132 9113 9083 9064 9041 9018 9001 8960 8953 8950 8889 8855 8834 8830 8723 8721 8682 8637 8618 8605 8595 8571 8549 8486 8461 8458 8435 8416 8409 8373 8353 8332 8280 8251 8187 8180 8177 8134 8107 8091 8069 7993 7966 7937 7865 7861 7842 7837 7819 7779 7772 7724 7687 7558 7549 7543 7536 7533 7513 7498 7481 7463 7445 7424 7402 7214 7209 7171 7158 7138 7117 7107 7088 7056 7019 6987 6965 6919 6909 6896 6893 6865 6844 6809 6779 6759 6752 6739 6700 6686 6636 6572 6479 6461 6442 6416 6356 6349 6297 6285 6271 6268 6227 6209 6184 6179 6154 6140 6136 6116 6029 6012 5994 5984 5905 5802 5782 5767 5727 5673 5607 5590 5561 5525 5509 5468 5449 5439 5412 5369 5359 5338 5319 5316 5265 5229 5169 5144 5108 5071 5032 4997 4943 4924 4901 4878 4858 4810 4800 4777 4774 4736 4711 4707 4691 4596 4573 4563 4519 4487 4456 4447 4429 4405 4382 4346 4320 4295 4216 4197 4127 4120 4117 4095 4053 4048 4031 3973 3905 3886 3847 3817 3794 3768 3752 3734 3682 3633 3590 3565 3509 3481 3442 3432 3430 3409 3406 3387 3305 3263 3235 3196 3192 3159 3131 3116 3095 3088 3085 3064 3060 2982 2958 2939 2921 2858 2839 2788 2763 2746 2708 2706 2655 2614 2556 2520 2498 2453 2446 2443 2416 2404 2400 2380 2362 2355 2320 2218 2180 2157 2127 2110 2102 2081 2079 1942 1919 1899 1873 1852 1833 1810 1794 1771 1766 1733 1726 1694 1604 1601 1577 1567 1537 1493 1473 1455 1318 1308 1263 1229 1213 1193 1171 1124 1107 1092 1085 1052 989 945 943 920 902 898 874 871 783 739 686 633 590 569 513 484 432 389 352 308 288 281 278 256 222 190 138 113 95 71 44 27 

146 1
metas 2 
doc1.txt 1 
206 
doc3.txt 17 
10393 10086 9493 8858 8190 7546 6742 6119 5512 4861 4385 3445 2924 2323 1797 992 355 

148 1
levantamento 1 
doc3.txt 17 
10508 10195 9202 8758 8100 7476 6820 6291 5261 4631 4359 3602 3146 1935 1914 1120 480 

149 2
precisao 2 
doc2.txt 1 
207 
doc3.txt 17 
10377 10012 9477 8736 8118 7519 6491 5938 5303 4651 3998 3371 2680 2050 1863 827 58 

consolidacao 2 
doc1.txt 1 
44 
doc3.txt 17 
10353 9719 9347 8708 7756 7328 6511 5864 5232 4547 4013 3813 3177 2542 1612 1074 538 

152 1
necessidades 2 
doc2.txt 1 
286 
doc3.txt 17 
10257 9627 8999 8349 8228 7584 6864 6076 5463 4899 4402 3234 2760 2124 1653 985 328 

155 1
orgaos 3 
doc1.txt 1 
30 
doc2.txt 1 
95 
doc3.txt 17 
10529 9731 9103 8803 8166 7149 6498 6199 5157 4987 4106 3472 2830 2297 1521 701 153 

156 1
diretrizes 1 
doc3.txt 16 
10115 9307 8717 7833 7205 6748 6175 5557 4703 4044 3426 2702 2075 1762 1103 40 

158 1
dificuldades 1 
doc3.txt 17 
10374 9745 8984 8794 8021 7388 6447 5973 5329 4953 4305 3687 2863 1985 1345 858 143 

160 1
global 2 
doc1.txt 1 
51 
doc3.txt 16 
9885 9440 8799 7913 7356 6389 5871 5642 4846 4233 3535 2565 1953 1486 863 456 

161 1
levantam 1 
doc3.txt 16 
10000 9386 8703 7962 7084 6568 5927 5292 4640 4425 3790 3155 2516 1533 797 466 

162 2
retorno 1 
doc3.txt 17 
10616 9754 9124 8478 8029 7524 6957 6222 5204 4558 4023 3357 3076 2012 1685 890 344 

conta 1 
doc3.txt 17 
10399 10044 9399 8715 8063 7262 6621 6195 5603 5007 3923 3451 2826 2193 1372 749 424 

163 1
acumuladas 2 
doc2.txt 1 
176 
doc3.txt 16 
10181 9208 8525 7885 7250 6413 6009 5105 4468 3883 3715 2899 2039 1896 1260 162 

170 1
estimula 3 
doc1.txt 1 
113 
doc2.txt 1 
46 
doc3.txt 17 
10323 9679 9454 8337 7693 7028 6744 6102 5733 4740 4084 3705 3049 2408 1778 1222 541 

178 1
auxiliam 1 
doc3.txt 16 
9714 9342 8311 7707 7299 6658 5763 5408 4969 4245 3505 2814 2176 1386 1009 623 

179 1
militantes 2 
doc2.txt 1 
87 
doc3.txt 16 
10148 9072 8815 8115 7471 6549 5954 5550 5054 3936 3530 2885 2310 1677 1114 474 

180 2
politico 3 
doc1.txt 1 
130 
doc2.txt 1 
249 
doc3.txt 17 
10460 9827 9528 8532 7892 7257 6616 5935 5300 4674 3838 3291 2968 2426 1514 1160 521 

importante 2 
doc2.txt 2 
262 118 
doc3.txt 33 
10612 9989 9774 9198 9130 8562 8484 7840 7829 7641 7212 7005 6440 6207 6171 5227 5119 4936 4689 4285 4029 3680 3492 3108 2856 2531 2100 1884 1769 1248 941 609 136 

181 1
cuidado 2 
doc1.txt 1 
121 
doc3.txt 16 
9669 9042 8724 8070 7172 6866 6155 5339 4520 4217 3236 2959 2417 1319 1230 591 

188 2
participacao 2 
doc2.txt 1 
78 
doc3.txt 16 
10019 9520 8652 7881 7382 6735 5779 5141 4795 4141 3521 2876 2241 1595 773 133 

neste 2 
doc2.txt 1 
307 
doc3.txt 17 
10553 10049 9313 8616 8052 7156 6522 6027 5544 4835 4176 3362 3129 2496 1871 818 430 

189 2
vai 1 
doc3.txt 17 
10582 9960 9325 8538 8003 7375 6880 5832 5537 4582 4311 3622 2869 2141 1704 1180 265 

agrega 2 
doc2.txt 1 
88 
doc3.txt 17 
10560 9936 9177 8687 7946 7486 6448 6016 5391 5055 4169 3555 2907 2270 1719 669 244 

191 3
remanejamento 2 
doc2.txt 1 
189 
doc3.txt 17 
10428 9601 9420 8519 7810 7396 6773 6129 5705 5099 4462 3675 2995 2351 1426 850 63 

relatividade 1 
doc3.txt 17 
10247 10113 9376 8865 7793 7456 6854 6241 5682 4911 3900 3277 2625 2031 1400 769 527 

exigidas 2 
doc2.txt 1 
260 
doc3.txt 16 
9945 9229 8615 8268 7624 6677 5756 5688 5047 4092 3257 2608 1997 1357 1046 409 

193 2
por 3 
doc1.txt 2 
168 97 
doc2.txt 2 
299 80 
doc3.txt 68 
10570 10504 10470 10398 10043 9893 9795 9662 9504 9398 9258 9034 8714 8626 8350 8330 8151 8062 8046 7684 7511 7362 7261 7126 6777 6719 6620 6467 6194 6095 6077 5812 5602 5516 5483 5209 5006 4865 4709 4614 4208 3970 3922 3865 3810 3724 3450 3341 2825 2798 2590 2569 2279 2192 2125 2071 1740 1550 1371 1299 1169 1099 748 661 423 237 211 24 

eventualidades 1 
doc3.txt 16 
9899 9319 8686 8095 7162 6690 5909 5112 4905 4099 3485 2843 2384 1877 949 312 

198 1
questionar 2 
doc2.txt 1 
263 
doc3.txt 16 
9775 9131 8485 7841 7213 6441 6208 5228 4690 4030 3681 2857 2101 1770 942 137 

200 1
futuro 1 
doc3.txt 16 
10120 9312 8722 7838 7210 6753 6180 5562 4708 4049 3431 2707 2080 1767 1108 45 

202 2
excelencia 2 
doc2.txt 1 
349 
doc3.txt 17 
10282 9840 9063 8903 7771 7292 6840 6376 5629 5065 4419 3542 2807 2396 1449 756 534 

estudos 3 
doc1.txt 1 
19 
doc2.txt 1 
162 
doc3.txt 17 
10575 9953 9393 8732 8057 7591 6948 6319 5389 5018 4368 3347 2695 2067 1393 884 576 

204 2
hegemonia 3 
doc1.txt 1 
127 
doc2.txt 1 
246 
doc3.txt 17 
10457 9824 9525 8529 7889 7254 6613 5932 5297 4671 3835 3288 2965 2423 1511 1157 518 

administrativas 2 
doc2.txt 1 
259 
doc3.txt 16 
9944 9228 8614 8267 7623 6676 5755 5687 5046 4091 3256 2607 1996 1356 1045 408 

206 1
consumo 1 
doc3.txt 17 
10439 9880 9370 8576 7870 7407 6764 5787 5732 4929 4325 3595 2619 2503 1838 1198 32 

208 1
clara 1 
doc3.txt 16 
9780 9155 8508 8155 7349 6706 5824 5193 4975 4081 3461 2948 2480 1304 839 206 

214 1
verificacao 3 
doc1.txt 1 
72 
doc2.txt 1 
74 
doc3.txt 17 
10483 9833 8940 8778 7931 7313 6534 6089 5477 4725 4137 3673 2728 2095 1683 1040 403 

215 1
geral 2 
doc2.txt 2 
227 79 
doc3.txt 33 
10297 10020 9589 9521 8964 8653 8420 7882 7783 7383 7023 6969 6736 6033 5780 5416 5142 4796 4715 4142 4057 3522 3267 2877 2767 2242 2131 1596 1459 1267 774 393 134 

217 1
sentido 2 
doc2.txt 2 
308 150 
doc3.txt 51 
10554 10385 10305 10158 10050 9858 9485 9314 9219 8922 8819 8617 8258 8053 7954 7614 7267 7157 6977 6649 6523 6341 6028 6024 5545 5493 5399 4836 4678 4590 4264 4177 3940 3775 3630 3363 3130 2915 2889 2497 2370 2058 1872 1785 1587 1202 1148 819 559 507 431 

222 2
operacao 2 
doc2.txt 1 
23 
doc3.txt 17 
10329 10079 9403 8847 8201 7360 6393 6005 5224 4915 3948 3322 2588 2277 1490 1026 385 

claro 1 
doc3.txt 17 
10316 10142 9448 8871 8230 7443 6610 5968 5725 5085 4051 3588 2919 1940 1655 645 8 

223 1
diferentes 2 
doc2.txt 1 
334 
doc3.txt 16 
9804 9244 8601 7943 7094 6422 6362 5445 4806 3892 3740 3137 2186 1905 926 294 

228 1
todavia 1 
doc3.txt 17 
10331 10161 9185 8810 7936 7384 6944 5781 5524 4900 4381 3751 3115 1959 1341 1109 549 

232 1
fazemos 1 
doc3.txt 16 
9969 9334 8696 8127 7649 6627 6262 5665 4768 3968 3656 3040 2494 1892 1256 253 

235 1
fatores 2 
doc2.txt 1 
182 
doc3.txt 16 
9570 9093 8752 8042 7568 6932 6251 5636 4603 3956 3331 2676 2251 1776 1220 418 

236 2
prova 1 
doc3.txt 16 
10124 9427 8789 8132 7017 6593 5948 5692 5069 4146 3661 3002 2263 1632 1154 370 

para 3 
doc1.txt 3 
209 71 24 
doc2.txt 4 
346 340 272 73 
doc3.txt 100 
10482 10462 10357 10279 10118 10058 9837 9832 9723 9575 9496 9310 9120 9060 8970 8939 8900 8841 8777 8720 8474 8295 8195 7930 7836 7806 7768 7659 7312 7289 7208 7183 7100 7044 6837 6751 6581 6553 6533 6403 6373 6302 6254 6178 6088 6064 5626 5618 5579 5560 5476 5236 5095 5062 4979 4724 4706 4606 4416 4353 4154 4136 4047 4019 3759 3672 3575 3539 3429 3422 2927 2804 2773 2727 2705 2662 2486 2393 2254 2094 2078 1987 1765 1682 1500 1446 1422 1347 1116 1106 1039 953 907 753 531 476 402 316 145 43 

237 1
variaveis 1 
doc3.txt 17 
10510 10197 9204 8760 8102 7478 6822 6293 5263 4633 4361 3604 3148 1937 1916 1122 482 

238 1
aos 2 
doc2.txt 1 
85 
doc3.txt 16 
10146 9070 8813 8113 7469 6547 5952 5548 5052 3934 3528 2883 2308 1675 1112 472 

239 1
globalizado 1 
doc3.txt 18 
10422 10129 9453 8837 7822 7516 6874 6300 5676 4739 3976 3755 3119 2456 1813 905 259 6 

242 1
promove 1 
doc3.txt 17 
10547 9922 9350 8754 8096 7472 6816 6321 5277 4827 3872 3743 3032 2504 1464 1272 340 

244 1
cenario 1 
doc3.txt 17 
10421 10128 9452 8836 7821 7515 6873 6299 5675 4738 3975 3754 3118 2455 1812 904 258 

247 2
ponderadas 1 
doc3.txt 16 
9999 9385 8702 7961 7083 6567 5926 5291 4639 4424 3789 3154 2515 1532 796 465 

oferece 3 
doc1.txt 1 
67 
doc2.txt 1 
69 
doc3.txt 17 
10478 9828 8935 8773 7926 7308 6529 6084 5472 4720 4132 3668 2723 2090 1678 1035 398 

250 2
inegavelmente 2 
doc1.txt 1 
118 
doc3.txt 17 
10230 9771 9147 8868 8009 7417 6717 5838 5645 4941 3986 3497 2853 2216 1565 790 235 

convincentemente 1 
doc3.txt 17 
10580 9958 9323 8536 8001 7373 6878 5830 5535 4580 4309 3620 2867 2139 1702 1178 263 

251 1
conduta 1 
doc3.txt 17 
10345 9706 9081 8433 7797 7317 6985 5875 5481 4485 4005 3300 2649 1957 1316 1187 547 

253 2
impacto 2 
doc1.txt 1 
137 
doc3.txt 33 
10401 10131 10062 9254 9096 8578 8301 7716 7665 7164 7032 6915 6515 6217 6091 5700 5308 4759 4684 4063 3925 3709 3293 3053 2642 2412 2210 1559 1337 1140 936 499 270 

dirigentes 3 
doc1.txt 1 
31 
doc2.txt 1 
96 
doc3.txt 17 
10530 9732 9104 8804 8167 7150 6499 6200 5158 4988 4107 3473 2831 2298 1522 702 154 

255 1
setores 2 
doc2.txt 1 
335 
doc3.txt 16 
9805 9245 8602 7944 7095 6423 6363 5446 4807 3893 3741 3138 2187 1906 927 295 

258 1
suas 3 
doc1.txt 1 
35 
doc2.txt 1 
100 
doc3.txt 17 
10534 9736 9108 8808 8171 7154 6503 6204 5162 4992 4111 3477 2835 2302 1526 706 158 

259 1
fundamental 2 
doc2.txt 1 
197 
doc3.txt 17 
10597 9975 9547 8658 8015 7274 6633 5881 5567 4921 4271 3547 2785 2154 1410 712 187 

261 1
estrategias 1 
doc3.txt 1 
1 

263 1
gostaria 3 
doc1.txt 1 
182 
doc2.txt 1 
102 
doc3.txt 17 
10367 9738 9149 8502 8269 7625 6457 6312 5464 4818 4160 3324 2651 2017 1690 1189 67 

264 1
preparacao 1 
doc3.txt 16 
10090 9011 8363 7761 7595 6952 5976 5351 4478 4372 3248 2599 2234 1757 931 172 

269 1
formulacao 1 
doc3.txt 17 
10275 9642 9252 8671 8027 7394 6714 6043 5379 4959 4392 3804 3169 2462 1819 1062 38 

273 1
outro 2 
doc2.txt 1 
81 
doc3.txt 17 
10471 9796 9505 8351 7685 7363 6720 6078 5210 4615 3971 3342 2570 2280 1300 662 25 

274 1
ao 3 
doc1.txt 1 
143 
doc2.txt 1 
90 
doc3.txt 34 
10562 10260 9938 9843 9179 9085 8689 8411 7948 7774 7560 7488 6989 6450 6351 6018 5393 5267 5057 4945 4297 4171 3635 3557 2941 2909 2357 2272 1728 1721 1087 671 246 115 

278 1
as 3 
doc1.txt 1 
34 
doc2.txt 4 
312 285 174 99 
doc3.txt 118 
10568 10533 10486 10396 10256 10203 10179 10041 10038 9792 9735 9686 9626 9445 9396 9214 9206 9167 9107 8998 8807 8712 8584 8523 8371 8348 8335 8227 8170 8078 8060 7983 7883 7698 7601 7583 7494 7484 7259 7248 7153 7012 6886 6863 6782 6618 6502 6411 6328 6203 6192 6075 6007 5997 5964 5600 5462 5372 5243 5186 5161 5103 5035 5004 4991 4898 4611 4517 4466 4432 4401 4335 4110 3920 3881 3879 3797 3782 3713 3476 3448 3400 3233 3162 3018 2897 2834 2823 2759 2667 2523 2301 2190 2123 2037 2034 1974 1894 1850 1697 1652 1525 1403 1369 1279 1258 1055 984 958 746 705 642 435 427 421 327 160 157 

279 1
correntes 3 
doc1.txt 1 
102 
doc2.txt 1 
304 
doc3.txt 17 
10211 9580 8943 8393 8066 7439 6941 6309 5124 4832 4236 3807 2686 2552 1822 728 566 

280 1
adocao 2 
doc2.txt 1 
201 
doc3.txt 17 
10474 9762 9297 8662 7735 7366 6795 6161 5130 5088 4149 3613 3005 2086 1635 1031 336 

282 1
mente 3 
doc1.txt 1 
85 
doc2.txt 1 
60 
doc3.txt 17 
10290 9653 9025 8380 7731 7114 6926 5991 5366 4570 3912 3439 2715 2225 1574 1131 491 

283 1
questoes 1 
doc3.txt 16 
9997 9383 8700 7959 7081 6565 5924 5289 4637 4422 3787 3152 2513 1530 794 463 

284 1
diversos 2 
doc2.txt 1 
86 
doc3.txt 16 
10147 9071 8814 8114 7470 6548 5953 5549 5053 3935 3529 2884 2309 1676 1113 473 

287 1
estrutura 2 
doc2.txt 1 
293 
doc3.txt 17 
10543 9694 9048 8399 7905 7039 6904 6232 5273 4645 3992 3664 2637 1961 1284 760 121 

295 1
obstante 2 
doc2.txt 1 
244 
doc3.txt 17 
10433 10082 9277 8636 7652 7401 6793 5741 5710 5049 4319 3699 3043 2319 1282 758 221 

296 2
relacionamentos 1 
doc3.txt 17 
10565 9683 9442 8368 7980 7491 7009 6325 5240 4514 3876 3397 3015 1971 1847 1276 639 

empenho 3 
doc1.txt 1 
106 
doc2.txt 1 
6 
doc3.txt 17 
10513 9947 9065 8436 7862 7057 6701 6228 5608 4488 3848 3193 2983 2082 1853 1214 570 

298 2
ressaltar 2 
doc2.txt 1 
198 
doc3.txt 34 
10598 10245 10111 9976 9548 9374 8863 8659 8016 7791 7454 7275 6852 6634 6239 5882 5680 5568 4922 4909 4272 3898 3548 3275 2786 2623 2155 2029 1411 1398 767 713 525 188 

reavaliacao 1 
doc3.txt 16 
10134 9099 8581 7719 7167 6518 6220 5703 4762 4066 3296 2645 2213 1562 1143 502 

299 1
papel 1 
doc3.txt 17 
10272 9639 9249 8668 8024 7391 6711 6040 5376 4956 4389 3801 3166 2459 1816 1059 35 

301 1
todas 1 
doc3.txt 16 
9995 9381 8698 7957 7079 6563 5922 5287 4635 4420 3785 3150 2511 1528 792 461 

303 2
loops 1 
doc1.txt 1 
7 

afeta 1 
doc3.txt 17 
10521 9807 8985 8493 7849 7221 6691 6365 5716 5076 4434 3596 3070 2427 1662 653 16 

305 1
qualificacao 3 
doc1.txt 1 
94 
doc2.txt 1 
45 
doc3.txt 16 
9854 9435 8555 8140 7123 6815 6190 5531 4884 4228 3311 3101 1948 1583 1241 602 

307 1
avanco 2 
doc1.txt 1 
144 
doc3.txt 17 
10261 9844 9086 8412 7775 7561 6990 6352 5268 4946 4298 3636 2942 2358 1729 1088 116 

309 2
esperado 1 
doc3.txt 17 
10617 9755 9125 8479 8030 7525 6958 6223 5205 4559 4024 3358 3077 2013 1686 891 345 

constante 1 
doc3.txt 17 
10498 10163 8931 8469 8210 7234 6826 6098 5486 4838 4179 3570 2593 2002 1364 778 52 

311 1
desenvolvimento 3 
doc1.txt 1 
149 
doc2.txt 1 
132 
doc3.txt 32 
10117 9630 9309 9002 8719 8354 7967 7835 7425 7207 6750 6573 6177 5803 5559 5170 4705 4526 4448 4046 3428 3197 2789 2704 2077 1920 1764 1325 1105 687 72 42 

313 1
resultados 3 
doc1.txt 1 
58 
doc2.txt 1 
325 
doc3.txt 17 
10592 9892 9275 8678 7860 7055 6562 5921 5286 4661 4294 3828 3191 2438 1628 817 182 

314 1
mesmo 2 
doc2.txt 1 
327 
doc3.txt 32 
9606 9584 9171 8979 8905 8570 8089 7919 7586 7232 6807 6738 6296 6182 5385 5246 5013 4751 4404 3951 3767 3524 3175 2671 2540 1999 1808 1509 962 918 446 306 

320 2
possibilita 2 
doc1.txt 1 
47 
doc3.txt 16 
9881 9436 8795 7909 7352 6385 5867 5638 4842 4229 3531 2561 1949 1482 859 452 

peso 2 
doc2.txt 1 
30 
doc3.txt 17 
10410 10026 8951 8459 8178 7534 6894 6269 5317 4775 4118 3407 3086 2444 1602 872 279 

321 2
surgimento 2 
doc1.txt 1 
187 
doc3.txt 17 
10517 9918 9279 8638 7994 7499 6845 5768 5345 5072 4128 3388 2557 2363 1734 1093 191 

pretendidos 2 
doc1.txt 1 
197 
doc3.txt 16 
9645 8977 8453 8087 7459 6608 5898 5723 5083 4175 3561 2731 2098 1469 833 200 

323 3
utilizados 3 
doc1.txt 1 
54 
doc2.txt 1 
321 
doc3.txt 17 
10588 9888 9271 8674 7856 7051 6558 5917 5282 4657 4290 3824 3187 2434 1624 813 178 

pode 3 
doc1.txt 1 
132 
doc2.txt 2 
315 139 
doc3.txt 32 
10167 9614 9529 9053 8914 8444 8159 7739 7504 7408 6765 6668 6121 5911 5656 5177 5021 4533 4183 3840 3688 3205 3141 2969 2386 2325 1615 1439 969 807 579 226 

inovadora 1 
doc3.txt 16 
9966 9331 8693 8124 7646 6624 6259 5662 4765 3965 3653 3037 2491 1889 1253 250 

327 1
quadros 2 
doc2.txt 2 
282 191 
doc3.txt 34 
10430 10253 9623 9603 9422 8995 8521 8345 8224 7812 7580 7398 6860 6775 6131 6072 5707 5459 5101 4895 4464 4398 3677 3230 2997 2756 2353 2120 1649 1428 981 852 324 65 

330 1
vez 2 
doc2.txt 1 
37 
doc3.txt 34 
10417 10234 10033 9564 9407 8958 8764 8466 8185 7816 7541 7421 6901 6507 6276 5860 5324 5166 4875 4782 4125 3831 3414 3260 3093 2611 2451 2200 1609 1360 1049 879 412 286 

331 1
correta 1 
doc3.txt 17 
10524 9810 8988 8496 7852 7224 6694 6368 5719 5079 4437 3599 3073 2430 1665 656 19 

334 1
decorrentes 2 
doc2.txt 1 
276 
doc3.txt 17 
10466 9727 8974 8299 7663 7048 6585 6306 5622 4983 4357 3579 2931 1991 1351 911 149 

335 2
duvidas 3 
doc1.txt 1 
11 
doc2.txt 1 
218 
doc3.txt 33 
10492 10001 9870 9387 9233 8704 8590 7988 7963 7322 7085 6681 6569 6051 5928 5434 5293 4665 4641 4426 4341 3791 3382 3156 2735 2517 2473 1828 1534 798 734 467 90 

aqui 2 
doc2.txt 1 
110 
doc3.txt 17 
10604 10106 9190 8622 7691 7449 6640 6144 5148 5001 4350 3513 3068 2161 1497 743 99 

337 1
posicoes 3 
doc1.txt 1 
158 
doc2.txt 1 
166 
doc3.txt 16 
10191 9514 8880 7976 7333 6729 5790 5553 5039 4257 3648 3122 1967 1641 996 379 

338 1
desafia 2 
doc2.txt 1 
15 
doc3.txt 17 
10440 10149 9301 8320 8080 7432 6784 6146 5330 4697 4038 3464 3180 2545 1908 1018 125 

339 1
certificacao 1 
doc3.txt 16 
9709 9337 8306 7702 7294 6653 5758 5403 4964 4240 3500 2809 2171 1381 1004 618 

345 1
pensando 3 
doc1.txt 1 
198 
doc2.txt 1 
287 
doc3.txt 17 
10347 9688 8925 8744 8034 7190 6754 6111 5504 4853 4007 3282 2631 2243 1450 1068 46 

350 2
destes 2 
doc2.txt 1 
34 
doc3.txt 17 
10414 10030 8955 8463 8182 7538 6898 6273 5321 4779 4122 3411 3090 2448 1606 876 283 

consulta 2 
doc2.txt 1 
84 
doc3.txt 16 
10145 9069 8812 8112 7468 6546 5951 5547 5051 3933 3527 2882 2307 1674 1111 471 

351 1
padronizacao 3 
doc1.txt 1 
115 
doc2.txt 1 
48 
doc3.txt 17 
10325 9681 9456 8339 7695 7030 6746 6104 5735 4742 4086 3707 3051 2410 1780 1224 543 

353 2
uma 3 
doc1.txt 4 
176 68 48 22 
doc2.txt 4 
338 185 70 36 
doc3.txt 83 
10479 10424 10416 10073 10032 9882 9829 9573 9556 9437 9118 8957 8936 8839 8796 8774 8465 8388 8193 8184 7927 7910 7894 7540 7353 7309 7283 7098 6900 6800 6551 6530 6386 6275 6085 6062 5868 5773 5639 5577 5473 5323 5135 5093 4843 4781 4721 4510 4410 4230 4133 4124 4017 3757 3669 3532 3413 3222 3092 2724 2698 2660 2562 2484 2450 2347 2091 1950 1679 1608 1483 1420 1333 1036 951 878 860 695 453 399 314 298 285 

da 3 
doc1.txt 2 
65 3 
doc2.txt 3 
295 253 225 
doc3.txt 117 
10545 10340 10295 10268 10219 10187 10070 9967 9964 9701 9696 9587 9553 9332 9329 9115 9076 9050 8962 8891 8876 8694 8691 8428 8418 8401 8253 8235 8217 8125 8122 7907 7781 7647 7644 7573 7140 7063 7041 7021 6967 6937 6906 6665 6625 6622 6463 6260 6257 6234 6214 6031 6014 5852 5663 5660 5597 5470 5414 5275 5219 4888 4766 4763 4713 4647 4575 4474 4407 4204 4055 3994 3966 3963 3961 3770 3703 3666 3654 3651 3336 3265 3038 3035 3012 2905 2765 2657 2639 2492 2489 2406 2268 2129 2009 1963 1890 1887 1802 1717 1539 1457 1286 1265 1254 1251 1173 1164 823 762 450 391 251 248 224 123 82 

357 1
de 3 
doc1.txt 12 
214 183 172 163 154 151 103 93 75 57 14 5 
doc2.txt 23 
324 305 281 279 241 235 230 228 221 213 202 194 181 171 137 134 115 103 77 66 44 22 18 
doc3.txt 582 
10609 10594 10591 10557 10495 10484 10475 10447 10443 10438 10368 10362 10344 10328 10306 10300 10298 10252 10250 10226 10223 10212 10152 10135 10116 10096 10078 10054 10047 10018 9986 9972 9933 9906 9891 9879 9873 9859 9853 9814 9790 9786 9781 9763 9751 9748 9739 9710 9705 9635 9632 9622 9620 9592 9590 9581 9569 9544 9538 9519 9459 9434 9413 9402 9379 9369 9353 9338 9308 9304 9298 9288 9285 9274 9236 9220 9195 9183 9165 9161 9156 9150 9136 9092 9080 9007 9004 8994 8992 8967 8965 8944 8846 8820 8781 8770 8751 8742 8718 8677 8663 8655 8651 8647 8644 8629 8593 8582 8575 8559 8554 8514 8509 8503 8500 8490 8432 8423 8421 8394 8359 8356 8344 8342 8327 8323 8307 8270 8259 8243 8223 8221 8200 8156 8146 8143 8139 8083 8067 8041 8012 7991 7972 7969 7934 7923 7880 7874 7869 7859 7846 7834 7826 7796 7786 7784 7746 7736 7722 7703 7696 7681 7638 7626 7615 7599 7579 7577 7567 7440 7435 7430 7427 7406 7381 7367 7359 7350 7325 7316 7295 7271 7241 7228 7218 7206 7198 7188 7129 7122 7105 7074 7070 7067 7054 7026 7024 7002 6984 6978 6972 6970 6942 6931 6884 6859 6857 6814 6796 6787 6763 6749 6734 6707 6698 6684 6654 6630 6602 6578 6575 6561 6537 6486 6470 6458 6434 6430 6427 6408 6399 6392 6342 6335 6313 6310 6250 6244 6189 6176 6168 6162 6149 6105 6071 6069 6054 6046 6036 6034 6004 5982 5962 5958 5920 5894 5891 5878 5874 5846 5825 5808 5805 5795 5786 5778 5759 5738 5731 5713 5635 5614 5584 5564 5558 5530 5498 5494 5480 5465 5458 5456 5437 5426 5419 5417 5404 5357 5333 5285 5258 5255 5223 5199 5194 5184 5175 5172 5140 5131 5125 5116 5089 5027 5010 4976 4965 4933 4928 4918 4914 4894 4892 4883 4847 4833 4819 4794 4755 4745 4718 4716 4704 4700 4679 4668 4660 4628 4625 4609 4602 4553 4542 4531 4528 4506 4484 4453 4450 4441 4397 4395 4378 4344 4333 4329 4324 4293 4282 4268 4252 4241 4237 4227 4161 4150 4140 4082 4067 4060 4058 4045 4041 4004 3982 3979 3955 3947 3941 3903 3869 3863 3827 3808 3780 3776 3764 3748 3643 3614 3594 3582 3544 3520 3501 3489 3467 3462 3452 3427 3385 3366 3354 3351 3330 3325 3321 3315 3310 3299 3280 3270 3268 3229 3227 3202 3199 3190 3183 3127 3113 3105 3100 3029 3006 2976 2949 2934 2890 2875 2847 2810 2794 2791 2782 2778 2770 2768 2755 2753 2738 2720 2703 2687 2675 2665 2652 2648 2618 2587 2583 2580 2553 2548 2528 2502 2481 2476 2465 2437 2371 2332 2292 2289 2284 2276 2250 2240 2206 2196 2172 2168 2151 2147 2134 2132 2119 2117 2087 2076 2032 2018 1956 1947 1930 1925 1922 1911 1881 1869 1844 1841 1837 1831 1823 1775 1763 1743 1691 1659 1648 1646 1636 1627 1594 1588 1582 1555 1505 1489 1462 1460 1407 1401 1382 1375 1330 1327 1315 1305 1297 1291 1270 1268 1245 1240 1227 1219 1207 1203 1197 1190 1186 1104 1083 1032 1025 1021 1015 1005 980 978 966 956 914 845 840 816 772 737 729 724 721 709 692 689 675 619 606 601 585 567 560 553 546 459 443 425 417 396 394 384 374 362 359 337 323 321 214 207 184 181 132 128 110 104 93 77 74 68 41 31 

358 1
cotidiana 1 
doc3.txt 16 
10123 9426 8788 8131 7016 6592 5947 5691 5068 4145 3660 3001 2262 1631 1153 369 

359 1
mega 1 
doc1.txt 1 
6 

360 2
orcamento 1 
doc3.txt 17 
10468 9993 9016 8825 8050 7169 6520 6347 5336 4961 4316 3696 2956 2316 1805 1167 365 

capitais 2 
doc2.txt 1 
269 
doc3.txt 17 
10240 9677 9175 8442 7803 7180 6997 5745 5697 4825 4167 3553 2989 2344 1859 1137 242 

363 1
reformulacao 2 
doc2.txt 1 
236 
doc3.txt 16 
9787 9162 8515 7875 7242 6603 5959 5200 4554 4330 3316 2848 1931 1292 846 105 

365 1
fluxo 2 
doc2.txt 1 
212 
doc3.txt 17 
10446 9813 9182 8499 7933 7187 6536 5981 5356 4541 3902 3279 3112 2195 1868 1226 458 

367 1
do 3 
doc1.txt 4 
188 161 136 128 
doc2.txt 9 
330 277 247 211 188 151 75 13 3 
doc3.txt 268 
10615 10518 10507 10467 10458 10445 10427 10400 10386 10360 10310 10248 10194 10174 10159 10061 10016 10008 9992 9919 9904 9825 9812 9800 9753 9618 9605 9600 9536 9526 9517 9499 9486 9473 9419 9280 9253 9240 9201 9181 9123 9015 8990 8978 8923 8911 8904 8824 8779 8757 8649 8639 8597 8542 8530 8518 8498 8477 8340 8300 8277 8241 8219 8099 8088 8049 8028 7995 7955 7939 7932 7897 7890 7878 7809 7664 7633 7585 7575 7523 7500 7475 7395 7379 7336 7268 7255 7186 7168 7090 7072 7031 6956 6914 6855 6846 6819 6806 6772 6732 6650 6614 6535 6519 6452 6432 6418 6383 6358 6346 6290 6282 6221 6181 6128 6090 6067 6025 5980 5933 5815 5793 5776 5769 5704 5574 5519 5454 5441 5424 5400 5355 5346 5335 5307 5298 5260 5245 5203 5138 5098 5073 5012 4960 4890 4868 4802 4792 4743 4683 4672 4630 4621 4591 4557 4540 4461 4439 4393 4358 4315 4265 4211 4138 4129 4022 3950 3924 3901 3888 3855 3836 3736 3727 3708 3695 3674 3631 3601 3580 3523 3518 3389 3356 3289 3278 3225 3219 3145 3133 3111 3075 3052 2994 2966 2955 2932 2916 2873 2751 2670 2626 2576 2558 2534 2463 2424 2411 2364 2350 2315 2238 2194 2182 2115 2059 2046 2011 1998 1934 1913 1901 1867 1807 1804 1786 1735 1684 1644 1592 1545 1512 1425 1417 1373 1336 1225 1166 1158 1149 1119 1094 1063 976 935 922 917 889 849 770 673 651 612 583 519 508 479 457 364 343 319 305 290 269 192 130 62 14 

368 1
importantes 3 
doc1.txt 1 
157 
doc2.txt 1 
165 
doc3.txt 16 
10190 9513 8879 7975 7332 6728 5789 5552 5038 4256 3647 3121 1966 1640 995 378 

370 1
preconizado 2 
doc2.txt 1 
111 
doc3.txt 17 
10605 10107 9191 8623 7692 7450 6641 6145 5149 5002 4351 3514 3069 2162 1498 744 100 

375 1
quanto 2 
doc2.txt 1 
265 
doc3.txt 16 
9777 9133 8487 7843 7215 6443 6210 5230 4692 4032 3683 2859 2103 1772 944 139 

378 1
esquecer 3 
doc1.txt 1 
41 
doc2.txt 1 
157 
doc3.txt 17 
10540 9915 9363 8853 8207 7345 6543 5903 5671 4734 4077 3610 3024 1980 1792 684 333 

379 1
incentivo 2 
doc1.txt 1 
142 
doc3.txt 17 
10259 9842 9084 8410 7773 7559 6988 6350 5266 4944 4296 3634 2940 2356 1727 1086 114 

387 1
propostas 2 
doc1.txt 1 
207 
doc3.txt 17 
10394 10087 9494 8859 8191 7547 6743 6120 5513 4862 4386 3446 2925 2324 1798 993 356 

392 1
significado 2 
doc2.txt 1 
33 
doc3.txt 17 
10413 10029 8954 8462 8181 7537 6897 6272 5320 4778 4121 3410 3089 2447 1605 875 282 

394 1
informacoes 2 
doc2.txt 1 
214 
doc3.txt 34 
10501 10448 10166 9815 9184 8934 8501 8472 8213 7935 7237 7189 6829 6538 6101 5983 5489 5358 4841 4543 4182 3904 3573 3281 3114 2596 2197 2005 1870 1367 1228 781 460 55 

395 1
auxilia 1 
doc3.txt 16 
10088 9009 8361 7759 7593 6950 5974 5349 4476 4370 3246 2597 2232 1755 929 170 

396 3
tecnologico 2 
doc1.txt 1 
145 
doc3.txt 17 
10262 9845 9087 8413 7776 7562 6991 6353 5269 4947 4299 3637 2943 2359 1730 1089 117 

parte 1 
doc3.txt 33 
10222 9970 9747 9335 9284 8697 8643 8142 8128 7650 7066 6628 6426 6263 5890 5666 5254 4769 4624 3978 3969 3657 3350 3041 2579 2495 2288 1893 1840 1257 720 358 254 

em 3 
doc1.txt 3 
122 107 84 
doc2.txt 2 
59 7 
doc3.txt 68 
10514 10312 10289 10176 9948 9670 9652 9501 9066 9043 9024 8725 8544 8437 8379 8071 7899 7863 7730 7338 7173 7113 7058 6925 6867 6702 6454 6229 6156 5990 5817 5609 5521 5365 5340 4870 4569 4521 4489 4218 4213 3911 3849 3729 3438 3237 3194 2984 2960 2714 2628 2536 2418 2224 2083 1854 1573 1547 1320 1231 1215 1130 1065 614 592 571 490 2 

400 2
mais 3 
doc1.txt 2 
199 133 
doc2.txt 2 
316 288 
doc3.txt 50 
10348 10235 9689 9615 9565 9408 9054 8926 8915 8765 8745 8160 8035 7817 7505 7422 7191 6755 6669 6508 6112 5912 5861 5657 5505 5167 5022 4876 4854 4008 3841 3832 3283 3261 3206 3142 2632 2612 2387 2244 2201 1451 1440 1361 1069 1050 808 580 413 47 

demonstram 2 
doc2.txt 1 
177 
doc3.txt 16 
10182 9209 8526 7886 7251 6414 6010 5106 4469 3884 3716 2900 2040 1897 1261 163 

402 1
modernizacao 2 
doc2.txt 1 
238 
doc3.txt 16 
9789 9164 8517 7877 7244 6605 5961 5202 4556 4332 3318 2850 1933 1294 848 107 

404 1
das 3 
doc1.txt 7 
212 205 177 116 100 45 27 
doc2.txt 7 
302 255 239 186 146 121 92 
doc3.txt 285 
10550 10526 10509 10500 10436 10425 10392 10381 10373 10354 10342 10228 10209 10196 10165 10154 10114 10085 10074 10045 9940 9925 9898 9877 9769 9744 9728 9720 9703 9578 9557 9492 9481 9377 9367 9348 9318 9306 9290 9224 9203 9145 9100 9078 8983 8941 8933 8918 8883 8866 8857 8800 8793 8759 8740 8716 8709 8685 8610 8573 8471 8430 8391 8389 8263 8212 8189 8163 8148 8101 8094 8064 8020 8007 7950 7895 7867 7832 7794 7757 7720 7619 7545 7508 7477 7437 7415 7404 7387 7329 7314 7284 7263 7236 7204 7161 7146 7103 6982 6939 6828 6821 6801 6789 6761 6747 6741 6715 6696 6689 6672 6645 6512 6495 6446 6307 6292 6196 6174 6151 6118 6100 6044 6020 5972 5908 5872 5865 5836 5784 5774 5751 5736 5729 5683 5643 5556 5541 5511 5488 5478 5395 5328 5262 5233 5154 5136 5122 5111 5042 5008 4984 4952 4939 4926 4904 4860 4840 4830 4815 4702 4632 4586 4548 4511 4482 4411 4384 4360 4322 4304 4260 4234 4181 4157 4103 4098 4087 4043 4014 4002 3984 3861 3814 3805 3762 3686 3626 3603 3592 3572 3495 3484 3469 3444 3425 3338 3297 3252 3223 3178 3147 3125 2923 2911 2862 2851 2842 2827 2701 2699 2684 2646 2616 2603 2595 2566 2550 2543 2500 2383 2375 2348 2322 2294 2214 2166 2074 2054 2004 1992 1984 1954 1936 1915 1876 1835 1820 1796 1781 1761 1708 1613 1563 1518 1366 1352 1344 1334 1313 1295 1195 1184 1144 1121 1102 1081 1075 1041 991 948 864 857 788 780 726 698 696 564 544 539 503 481 441 404 354 311 299 233 150 142 84 54 39 29 

416 1
atuacao 3 
doc1.txt 1 
155 
doc2.txt 1 
138 
doc3.txt 16 
9636 9008 8360 7973 7431 6579 5809 5176 4532 4454 3203 2795 1926 1331 693 78 

420 1
evidentemente 1 
doc3.txt 17 
10199 9628 9000 8288 7799 7480 6824 6247 5143 4503 4446 3458 2555 1918 1492 854 255 

421 1
ainda 3 
doc1.txt 1 
8 
doc2.txt 1 
215 
doc3.txt 34 
10577 10489 9955 9867 9320 9230 8587 8533 7998 7985 7370 7319 6875 6678 6048 5827 5532 5431 4662 4577 4338 4306 3617 3379 2864 2732 2470 2136 1825 1699 1175 731 260 87 

422 1
julgamento 1 
doc3.txt 16 
9896 9316 8683 8092 7159 6687 5906 5109 4902 4096 3482 2840 2381 1874 946 309 

425 1
assim 3 
doc1.txt 2 
146 9 
doc2.txt 2 
326 216 
doc3.txt 50 
10490 10263 9868 9846 9583 9231 9170 9088 8588 8569 8414 7986 7918 7777 7563 7320 7231 6992 6737 6679 6354 6295 6049 5432 5384 5270 4948 4750 4663 4403 4339 4300 3766 3638 3380 3174 2944 2733 2539 2471 2360 1826 1731 1508 1090 961 732 445 118 88 

427 1
sempre 3 
doc1.txt 1 
83 
doc2.txt 1 
58 
doc3.txt 17 
10288 9651 9023 8378 7729 7112 6924 5989 5364 4568 3910 3437 2713 2223 1572 1129 489 

429 1
envolvidas 1 
doc3.txt 17 
10511 10198 9205 8761 8103 7479 6823 6294 5264 4634 4362 3605 3149 1938 1917 1123 483 

437 1
visao 2 
doc1.txt 1 
50 
doc3.txt 16 
9884 9439 8798 7912 7355 6388 5870 5641 4845 4232 3534 2564 1952 1485 862 455 

439 2
obriga 2 
doc1.txt 1 
192 
doc3.txt 17 
10206 9901 9266 8894 8238 7143 6831 5748 5151 4497 3858 3393 2952 2312 1542 1078 438 

distintas 3 
doc1.txt 1 
152 
doc2.txt 1 
135 
doc3.txt 16 
9633 9005 8357 7970 7428 6576 5806 5173 4529 4451 3200 2792 1923 1328 690 75 

441 2
motivacao 3 
doc1.txt 1 
76 
doc2.txt 1 
172 
doc3.txt 16 
10097 9460 8328 7682 7229 6409 6245 5585 5028 4379 3749 2779 2148 1506 915 111 

diretivo 1 
doc2.txt 1 
2 

442 1
paradigmas 2 
doc1.txt 1 
180 
doc3.txt 16 
9666 9560 8407 8286 7246 6804 5943 5605 4501 3845 3210 2895 2258 1724 659 22 

444 1
interessante 3 
doc1.txt 1 
69 
doc2.txt 1 
71 
doc3.txt 17 
10480 9830 8937 8775 7928 7310 6531 6086 5474 4722 4134 3670 2725 2092 1680 1037 400 

448 1
capacidade 2 
doc2.txt 1 
17 
doc3.txt 17 
10442 10151 9303 8322 8082 7434 6786 6148 5332 4699 4040 3466 3182 2547 1910 1020 127 

449 2
nunca 2 
doc2.txt 1 
25 
doc3.txt 17 
10405 10021 8946 8454 8173 7529 6889 6264 5312 4770 4113 3402 3081 2439 1597 867 274 

indices 2 
doc1.txt 1 
196 
doc3.txt 16 
9644 8976 8452 8086 7458 6607 5897 5722 5082 4174 3560 2730 2097 1468 832 199 

450 1
organizacao 2 
doc2.txt 1 
296 
doc3.txt 17 
10546 9697 9051 8402 7908 7042 6907 6235 5276 4648 3995 3667 2640 1964 1287 763 124 

452 2
expansao 2 
doc2.txt 1 
65 
doc3.txt 33 
10319 10053 9609 9412 9261 8769 8316 7922 7672 7278 7197 6723 6485 6057 5845 5651 5613 4785 4754 4275 4251 3642 3417 3028 2741 2205 2105 1554 1478 965 665 628 552 

atitudes 2 
doc2.txt 1 
231 
doc3.txt 17 
10301 9593 8968 8424 7787 7027 6973 6037 5420 4719 4061 3271 2771 2135 1463 1271 397 

453 2
espacismo 1 
doc2.txt 1 
4 

determinacao 2 
doc2.txt 1 
120 
doc3.txt 33 
10614 9991 9779 9200 9154 8564 8507 8154 7831 7643 7348 7007 6705 6173 5823 5192 5121 4974 4938 4287 4080 3494 3460 3110 2947 2533 2479 1886 1303 1250 838 611 205 

454 3
melhor 2 
doc1.txt 1 
49 
doc3.txt 16 
9883 9438 8797 7911 7354 6387 5869 5640 4844 4231 3533 2563 1951 1484 861 454 

gestao 1 
doc3.txt 16 
9965 9330 8692 8123 7645 6623 6258 5661 4764 3964 3652 3036 2490 1888 1252 249 

atribuicoes 3 
doc1.txt 1 
36 
doc2.txt 1 
101 
doc3.txt 17 
10535 9737 9109 8809 8172 7155 6504 6205 5163 4993 4112 3478 2836 2303 1527 707 159 

456 2
grupo 2 
doc2.txt 1 
117 
doc3.txt 17 
10611 9988 9197 8561 7828 7640 7004 6170 5118 4935 4284 3491 3107 2530 1883 1247 608 

assume 3 
doc1.txt 1 
156 
doc2.txt 1 
164 
doc3.txt 16 
10189 9512 8878 7974 7331 6727 5788 5551 5037 4255 3646 3120 1965 1639 994 377 

457 1
cumpre 1 
doc3.txt 17 
10270 9637 9247 8666 8022 7389 6709 6038 5374 4954 4387 3799 3164 2457 1814 1057 33 

458 1
maximiza 1 
doc3.txt 17 
10395 10040 9395 8711 8059 7258 6617 6191 5599 5003 3919 3447 2822 2189 1368 745 420 

459 1
tudo 2 
doc2.txt 1 
195 
doc3.txt 17 
10595 9973 9545 8656 8013 7272 6631 5879 5565 4919 4269 3545 2783 2152 1408 710 185 

460 1
analise 2 
doc1.txt 1 
194 
doc3.txt 17 
10208 9903 9268 8896 8240 7145 6833 5750 5153 4499 3860 3395 2954 2314 1544 1080 440 

463 1
consenso 3 
doc1.txt 1 
89 
doc2.txt 1 
40 
doc3.txt 16 
9849 9430 8550 8135 7118 6810 6185 5526 4879 4223 3306 3096 1943 1578 1236 597 

466 1
normativas 1 
doc3.txt 17 
10346 9707 9082 8434 7798 7318 6986 5876 5482 4486 4006 3301 2650 1958 1317 1188 548 

467 1
corresponde 2 
doc2.txt 1 
284 
doc3.txt 17 
10255 9625 8997 8347 8226 7582 6862 6074 5461 4897 4400 3232 2758 2122 1651 983 326 

470 1
desta 1 
doc3.txt 16 
10066 9488 8396 7669 7036 6395 5800 5127 4544 4363 3732 2761 2304 1671 1028 387 

477 1
considerar 2 
doc2.txt 1 
143 
doc3.txt 16 
10171 9533 8448 7743 7412 6769 6125 5181 4537 4187 3692 2973 2329 1619 973 230 

487 2
tecnica 1 
doc3.txt 17 
10314 10178 9503 8546 7901 7340 6456 5819 5523 4872 4215 3731 2630 2538 1549 1067 616 

decisoria 2 
doc1.txt 1 
140 
doc3.txt 17 
10404 10065 9257 8304 7668 7035 6918 6094 5311 4687 3928 3712 3056 2415 1340 939 273 

489 1
comunicacao 2 
doc1.txt 1 
164 
doc3.txt 17 
10363 9907 9539 8782 8244 7075 6435 5796 5427 4746 4442 3583 2935 2466 1376 676 586 

490 1
possibilidades 1 
doc3.txt 17 
10397 10042 9397 8713 8061 7260 6619 6193 5601 5005 3921 3449 2824 2191 1370 747 422 

491 1
experiencias 2 
doc2.txt 1 
175 
doc3.txt 16 
10180 9207 8524 7884 7249 6412 6008 5104 4467 3882 3714 2898 2038 1895 1259 161 

492 1
processual 2 
doc1.txt 1 
174 
doc3.txt 17 
10559 9935 9138 8492 7848 7220 6401 6337 5715 4508 3871 3368 2722 2286 1661 1017 376 

495 1
participar 1 
doc3.txt 17 
10583 9961 9326 8539 8004 7376 6881 5833 5538 4583 4312 3623 2870 2142 1705 1181 266 

502 1
condicoes 3 
doc1.txt 1 
117 
doc2.txt 1 
256 
doc3.txt 33 
10229 9941 9770 9225 9146 8867 8611 8264 8008 7620 7416 6716 6673 5837 5752 5684 5644 5043 4940 4088 3985 3496 3253 2852 2604 2215 1993 1564 1353 1042 789 405 234 

507 1
comerciais 1 
doc3.txt 17 
10336 9982 9511 8293 7657 7307 6528 5888 5252 4495 4037 3245 3048 2025 1437 805 169 

512 1
nossa 2 
doc2.txt 1 
67 
doc3.txt 16 
10055 9414 8771 7924 7199 6487 5847 5615 4756 4253 3644 3030 2207 1556 967 554 

513 1
talvez 1 
doc3.txt 17 
10242 10108 9371 8860 7788 7451 6849 6236 5677 4906 3895 3272 2620 2026 1395 764 522 

521 1
indireto 1 
doc3.txt 16 
10132 9097 8579 7717 7165 6516 6218 5701 4760 4064 3294 2643 2211 1560 1141 500 

522 2
progresso 2 
doc2.txt 1 
152 
doc3.txt 17 
10387 10160 9487 8924 7956 7269 6651 6026 5401 4592 4266 3632 2917 2060 1787 1150 509 

oportunidade 3 
doc1.txt 1 
70 
doc2.txt 1 
72 
doc3.txt 17 
10481 9831 8938 8776 7929 7311 6532 6087 5475 4723 4135 3671 2726 2093 1681 1038 401 

525 1
processo 3 
doc1.txt 1 
162 
doc2.txt 1 
234 
doc3.txt 50 
10361 10225 9905 9785 9750 9537 9287 9160 8780 8646 8513 8242 8145 7873 7240 7073 7069 6601 6433 6429 5957 5893 5794 5425 5257 5198 4744 4627 4552 4440 4328 3981 3581 3353 3314 2933 2846 2582 2464 2291 1929 1843 1374 1290 844 723 674 584 361 103 

526 1
entre 2 
doc2.txt 2 
332 311 
doc3.txt 50 
10567 10202 10037 9802 9685 9444 9242 9213 8599 8370 8334 8077 7982 7941 7493 7483 7092 7011 6781 6420 6360 6327 5996 5443 5371 5242 5034 4804 4516 4431 3890 3878 3796 3738 3399 3161 3135 3017 2522 2184 1973 1903 1849 1696 1278 1054 924 641 434 292 

531 1
desafiador 1 
doc3.txt 17 
10420 10127 9451 8835 7820 7514 6872 6298 5674 4737 3974 3753 3117 2454 1811 903 257 

539 1
ja 2 
doc2.txt 1 
125 
doc3.txt 17 
10450 9817 9463 8828 8105 7461 6477 6134 5588 4594 4195 3563 3058 2398 1471 896 511 

540 1
subjetivos 2 
doc2.txt 1 
183 
doc3.txt 16 
9571 9094 8753 8043 7569 6933 6252 5637 4604 3957 3332 2677 2252 1777 1221 419 

541 1
verticais 1 
doc3.txt 17 
10566 9684 9443 8369 7981 7492 7010 6326 5241 4515 3877 3398 3016 1972 1848 1277 640 

544 1
reciclagem 1 
doc3.txt 17 
10313 10177 9502 8545 7900 7339 6455 5818 5522 4871 4214 3730 2629 2537 1548 1066 615 

545 1
acompanhamento 1 
doc3.txt 17 
10435 9876 9366 8572 7866 7403 6760 5783 5728 4925 4321 3591 2615 2499 1834 1194 28 

548 1
independentemente 3 
doc1.txt 1 
99 
doc2.txt 1 
301 
doc3.txt 17 
10506 9664 9036 8628 8048 7128 6469 5814 5518 4867 4210 3726 2800 2073 1742 1101 213 

549 3
niveis 3 
doc1.txt 1 
74 
doc2.txt 1 
170 
doc3.txt 16 
10095 9458 8326 7680 7227 6407 6243 5583 5026 4377 3747 2777 2146 1504 913 109 

melhoria 3 
doc1.txt 2 
211 26 
doc2.txt 1 
342 
doc3.txt 33 
10359 10060 9577 9498 9122 8843 8476 8197 7808 7185 7102 6555 6405 6256 6066 5581 5238 5097 4608 4156 4021 3761 3424 2775 2664 2488 2256 1502 1424 1118 955 478 318 

enfatizar 3 
doc1.txt 1 
184 
doc2.txt 1 
104 
doc3.txt 17 
10369 9740 9151 8504 8271 7627 6459 6314 5466 4820 4162 3326 2653 2019 1692 1191 69 

550 1
acima 2 
doc2.txt 1 
193 
doc3.txt 17 
10593 9971 9543 8654 8011 7270 6629 5877 5563 4917 4267 3543 2781 2150 1406 708 183 

552 1
analisar 3 
doc1.txt 1 
108 
doc2.txt 1 
8 
doc3.txt 17 
10515 9949 9067 8438 7864 7059 6703 6230 5610 4490 3850 3195 2985 2084 1855 1216 572 

555 1
nos 3 
doc1.txt 1 
191 
doc2.txt 1 
140 
doc3.txt 49 
10205 10168 9900 9713 9530 9341 9265 8893 8445 8310 8237 7740 7706 7409 7298 7142 6830 6766 6657 6122 5762 5747 5407 5178 5150 4968 4534 4496 4244 4184 3857 3689 3504 3392 2970 2951 2813 2326 2311 2175 1616 1541 1385 1077 1008 970 622 437 227 

556 1
organizacional 1 
doc3.txt 17 
10216 9930 9295 8681 7754 7137 6843 5842 5649 4799 3931 3304 2880 2063 1432 836 351 

558 1
formacao 2 
doc2.txt 2 
280 229 
doc3.txt 34 
10299 10251 9621 9591 8993 8966 8422 8343 8222 7785 7578 7025 6971 6858 6070 6035 5457 5418 4893 4717 4396 4059 3269 3228 2769 2754 2133 2118 1647 1461 1269 979 395 322 

559 1
alavancagem 1 
doc3.txt 17 
10549 9924 9352 8756 8098 7474 6818 6323 5279 4829 3874 3745 3034 2506 1466 1274 342 

560 1
aumento 2 
doc2.txt 1 
329 
doc3.txt 16 
9799 9239 8596 7938 7089 6417 6357 5440 4801 3887 3735 3132 2181 1900 921 289 

563 1
metodologias 1 
doc3.txt 16 
9711 9339 8308 7704 7296 6655 5760 5405 4966 4242 3502 2811 2173 1383 1006 620 

565 1
avaliacao 3 
doc1.txt 1 
56 
doc2.txt 1 
323 
doc3.txt 17 
10590 9890 9273 8676 7858 7053 6560 5919 5284 4659 4292 3826 3189 2436 1626 815 180 

566 1
que 3 
doc1.txt 5 
185 87 81 79 42 
doc2.txt 9 
283 199 178 158 105 62 56 54 38 
doc3.txt 235 
10599 10581 10541 10418 10370 10317 10292 10286 10284 10254 10236 10183 10143 10125 10034 9977 9959 9916 9741 9712 9655 9649 9647 9624 9566 9549 9449 9428 9409 9364 9340 9324 9210 9152 9027 9021 9019 8996 8959 8872 8854 8790 8766 8660 8537 8527 8505 8467 8382 8376 8374 8346 8309 8272 8231 8225 8208 8186 8133 8017 8002 7887 7818 7733 7727 7725 7705 7628 7581 7542 7444 7423 7374 7346 7297 7276 7252 7116 7110 7108 7018 6928 6922 6920 6902 6879 6861 6656 6635 6611 6594 6544 6509 6460 6415 6315 6277 6073 6011 5993 5987 5985 5969 5949 5904 5883 5862 5831 5761 5726 5693 5672 5569 5536 5467 5460 5406 5368 5362 5360 5325 5168 5107 5086 5070 4967 4923 4896 4877 4821 4783 4735 4581 4572 4566 4564 4470 4399 4310 4273 4243 4163 4147 4126 4078 4052 3914 3908 3906 3885 3833 3717 3662 3621 3611 3589 3549 3503 3441 3435 3433 3415 3327 3262 3231 3094 3025 3003 2920 2901 2868 2812 2787 2757 2717 2711 2709 2654 2613 2452 2264 2227 2221 2219 2202 2174 2156 2140 2121 2041 2020 1981 1941 1898 1793 1703 1693 1656 1650 1633 1610 1576 1570 1568 1412 1384 1362 1262 1192 1179 1155 1133 1127 1125 1051 1007 982 880 714 685 646 621 493 487 485 414 371 334 325 287 264 189 164 70 9 

568 1
demais 2 
doc2.txt 1 
27 
doc3.txt 17 
10407 10023 8948 8456 8175 7531 6891 6266 5314 4772 4115 3404 3083 2441 1599 869 276 

570 2
existem 3 
doc1.txt 1 
10 
doc2.txt 1 
217 
doc3.txt 17 
10491 9869 9232 8589 7987 7321 6680 6050 5433 4664 4340 3381 2734 2472 1827 733 89 

alternativas 1 
doc3.txt 17 
10485 9791 9166 8583 7697 7600 6885 5963 5185 4610 4334 3781 2666 2033 1402 957 426 

571 1
efetuados 3 
doc1.txt 1 
20 
doc2.txt 1 
163 
doc3.txt 17 
10576 9954 9394 8733 8058 7592 6949 6320 5390 5019 4369 3348 2696 2068 1394 885 577 

572 2
novas 2 
doc2.txt 1 
122 
doc3.txt 17 
10551 9926 9291 8884 8149 7509 6790 6152 5542 4816 4158 3339 2567 2376 1709 865 85 

mundiais 1 
doc3.txt 17 
10322 9612 9264 8319 7675 7281 6726 6060 5654 4788 4278 3420 2744 2108 1481 668 631 

573 2
virtual 2 
doc1.txt 1 
190 
doc3.txt 17 
10520 9921 9282 8641 7997 7502 6848 5771 5348 5075 4131 3391 2560 2366 1737 1096 194 

estas 1 
doc3.txt 16 
9996 9382 8699 7958 7080 6564 5923 5288 4636 4421 3786 3151 2512 1529 793 462 

578 1
execucao 2 
doc2.txt 1 
10 
doc3.txt 16 
10005 9470 8908 8274 7630 6380 6279 5571 4618 3852 3216 2573 2043 1414 648 11 

580 1
entendimento 2 
doc1.txt 1 
204 
doc3.txt 17 
10391 10084 9491 8856 8188 7544 6740 6117 5510 4859 4383 3443 2922 2321 1795 990 353 

581 3
longo 3 
doc1.txt 1 
201 
doc2.txt 1 
290 
doc3.txt 34 
10619 10350 9757 9691 9127 8928 8747 8481 8037 8032 7527 7193 6960 6757 6225 6114 5507 5207 4856 4561 4026 4010 3360 3285 3079 2634 2246 2015 1688 1453 1071 893 347 49 

deve 3 
doc1.txt 1 
95 
doc2.txt 1 
297 
doc3.txt 17 
10502 9660 9032 8624 8044 7124 6465 5810 5514 4863 4206 3722 2796 2069 1738 1097 209 

aponta 2 
doc1.txt 1 
208 
doc3.txt 17 
10356 10057 9495 8473 7805 7182 6402 6253 5235 4605 4153 3421 2772 2253 1499 1115 475 

584 1
gerenciamento 1 
doc3.txt 17 
10227 9752 9289 8648 8147 7071 6431 5895 5259 4629 3983 3355 2584 2293 1845 725 363 

589 2
equalizacao 2 
doc2.txt 1 
19 
doc3.txt 17 
10444 10153 9305 8324 8084 7436 6788 6150 5334 4701 4042 3468 3184 2549 1912 1022 129 

agilidade 2 
doc1.txt 1 
139 
doc3.txt 17 
10403 10064 9256 8303 7667 7034 6917 6093 5310 4686 3927 3711 3055 2414 1339 938 272 

592 1
representa 3 
doc1.txt 1 
21 
doc2.txt 1 
337 
doc3.txt 16 
9572 9117 8838 8192 7097 6550 6061 5576 5092 4016 3756 2659 2483 1419 950 313 

603 1
vislumbrar 2 
doc2.txt 1 
126 
doc3.txt 17 
10451 9818 9464 8829 8106 7462 6478 6135 5589 4595 4196 3564 3059 2399 1472 897 512 

611 1
diversas 3 
doc1.txt 1 
101 
doc2.txt 1 
303 
doc3.txt 17 
10210 9579 8942 8392 8065 7438 6940 6308 5123 4831 4235 3806 2685 2551 1821 727 565 

612 1
formas 3 
doc1.txt 2 
213 153 
doc2.txt 2 
240 136 
doc3.txt 32 
10046 9634 9378 9006 8741 8358 7971 7721 7429 7104 6697 6577 6045 5807 5737 5174 5009 4530 4452 3862 3763 3201 3126 2793 2167 1924 1329 1296 1082 691 442 76 

618 1
prazo 3 
doc1.txt 1 
202 
doc2.txt 1 
291 
doc3.txt 34 
10620 10351 9758 9692 9128 8929 8748 8482 8038 8033 7528 7194 6961 6758 6226 6115 5508 5208 4857 4562 4027 4011 3361 3286 3080 2635 2247 2016 1689 1454 1072 894 348 50 

619 2
preparanos 2 
doc2.txt 1 
271 
doc3.txt 17 
10461 9722 8969 8294 7658 7043 6580 6301 5617 4978 4352 3574 2926 1986 1346 906 144 

identificar 2 
doc1.txt 1 
123 
doc3.txt 16 
9671 9044 8726 8072 7174 6868 6157 5341 4522 4219 3238 2961 2419 1321 1232 593 

626 1
continua 2 
doc2.txt 1 
64 
doc3.txt 16 
10052 9411 8768 7921 7196 6484 5844 5612 4753 4250 3641 3027 2204 1553 964 551 

627 1
exige 2 
doc2.txt 1 
205 
doc3.txt 17 
10375 10010 9475 8734 8116 7517 6489 5936 5301 4649 3996 3369 2678 2048 1861 825 56 

629 1
cada 1 
doc3.txt 17 
10233 9563 9406 8763 7815 7420 6506 5859 5165 4874 3830 3259 2610 2199 1359 1048 411 

632 1
com 3 
doc1.txt 1 
32 
doc2.txt 1 
97 
doc3.txt 33 
10531 9733 9717 9345 9105 8805 8314 8168 7710 7302 7151 6661 6500 6201 5766 5411 5159 4989 4972 4248 4108 3508 3474 2832 2817 2299 2179 1523 1389 1012 703 626 155 

633 1
problemas 2 
doc2.txt 1 
35 
doc3.txt 17 
10415 10031 8956 8464 8183 7539 6899 6274 5322 4780 4123 3412 3091 2449 1607 877 284 

634 2
estrutural 2 
doc2.txt 1 
109 
doc3.txt 17 
10603 10105 9189 8621 7690 7448 6639 6143 5147 5000 4349 3512 3067 2160 1496 742 98 

apresenta 1 
doc3.txt 17 
10302 9855 9216 8816 8255 7611 6974 6338 5490 4675 3937 3772 2886 2367 1584 1199 556 

638 1
enfrentar 2 
doc2.txt 1 
273 
doc3.txt 17 
10463 9724 8971 8296 7660 7045 6582 6303 5619 4980 4354 3576 2928 1988 1348 908 146 

640 2
normalmente 2 
doc2.txt 1 
51 
doc3.txt 16 
9865 9039 8567 7916 7556 6588 5856 5382 4728 4192 3377 3172 2509 1669 1001 303 

continuo 3 
doc1.txt 1 
150 
doc2.txt 1 
133 
doc3.txt 16 
9631 9003 8355 7968 7426 6574 5804 5171 4527 4449 3198 2790 1921 1326 688 73 

641 1
estruturas 2 
doc1.txt 1 
46 
doc3.txt 17 
10355 9721 9349 8710 7758 7330 6513 5866 5234 4549 4015 3815 3179 2544 1614 1076 540 

642 1
ambiente 3 
doc1.txt 1 
129 
doc2.txt 1 
248 
doc3.txt 17 
10459 9826 9527 8531 7891 7256 6615 5934 5299 4673 3837 3290 2967 2425 1513 1159 520 

645 1
setorial 1 
doc3.txt 17 
10469 9994 9017 8826 8051 7170 6521 6348 5337 4962 4317 3697 2957 2317 1806 1168 366 

646 2
respeito 3 
doc1.txt 1 
13 
doc2.txt 1 
220 
doc3.txt 17 
10494 9872 9235 8592 7990 7324 6683 6053 5436 4667 4343 3384 2737 2475 1830 736 92 

divulgacao 1 
doc3.txt 17 
10499 10164 8932 8470 8211 7235 6827 6099 5487 4839 4180 3571 2594 2003 1365 779 53 

648 1
abertura 3 
doc1.txt 1 
23 
doc2.txt 1 
339 
doc3.txt 16 
9574 9119 8840 8194 7099 6552 6063 5578 5094 4018 3758 2661 2485 1421 952 315 

652 1
podemos 3 
doc1.txt 1 
40 
doc2.txt 2 
156 124 
doc3.txt 34 
10539 10449 9914 9816 9462 9362 8852 8827 8206 8104 7460 7344 6542 6476 6133 5902 5670 5587 4733 4593 4194 4076 3609 3562 3057 3023 2397 1979 1791 1470 895 683 510 332 

654 3
temos 3 
doc1.txt 1 
80 
doc2.txt 1 
55 
doc3.txt 17 
10285 9648 9020 8375 7726 7109 6921 5986 5361 4565 3907 3434 2710 2220 1569 1126 486 

programa 2 
doc2.txt 1 
14 
doc3.txt 16 
10009 9474 8912 8278 7634 6384 6283 5575 4622 3856 3220 2577 2047 1418 652 15 

corporativos 2 
doc1.txt 1 
181 
doc3.txt 16 
9667 9561 8408 8287 7247 6805 5944 5606 4502 3846 3211 2896 2259 1725 660 23 

657 1
pensamento 3 
doc1.txt 1 
104 
doc2.txt 1 
306 
doc3.txt 17 
10213 9582 8945 8395 8068 7441 6943 6311 5126 4834 4238 3809 2688 2554 1824 730 568 

659 1
hierarquias 1 
doc3.txt 17 
10569 9687 9446 8372 7984 7495 7013 6329 5244 4518 3880 3401 3019 1975 1851 1280 643 

663 1
na 3 
doc1.txt 3 
138 126 55 
doc2.txt 2 
322 119 
doc3.txt 109 
10613 10589 10584 10402 10274 10133 10063 9990 9962 9889 9674 9641 9327 9272 9255 9251 9199 9098 9047 8729 8675 8670 8580 8563 8540 8302 8026 8005 7857 7830 7718 7666 7642 7393 7377 7177 7166 7052 7033 7006 6916 6882 6713 6559 6517 6219 6172 6160 6092 6042 5918 5834 5702 5539 5378 5309 5283 5120 4958 4937 4761 4685 4658 4584 4391 4313 4291 4286 4065 3926 3825 3803 3710 3624 3493 3295 3241 3188 3168 3109 3054 2964 2871 2644 2532 2461 2435 2422 2413 2212 2143 1885 1818 1706 1625 1561 1338 1249 1182 1142 1061 937 814 610 501 271 267 179 37 

664 2
necessidade 3 
doc1.txt 2 
171 92 
doc2.txt 1 
43 
doc3.txt 33 
10556 9932 9852 9433 9135 8553 8489 8138 7845 7217 7121 6813 6398 6334 6188 5712 5529 4882 4505 4226 3868 3365 3309 3099 2719 2283 1946 1658 1581 1239 1014 600 373 

costumes 2 
doc1.txt 1 
112 
doc3.txt 16 
9659 9031 8386 7714 7610 6598 6083 5215 4696 3918 3721 2821 2231 1754 718 497 

665 1
composicao 1 
doc3.txt 16 
10093 9014 8366 7764 7598 6955 5979 5354 4481 4375 3251 2602 2237 1760 934 175 

667 1
novo 2 
doc2.txt 1 
107 
doc3.txt 18 
10601 10103 9187 8619 7688 7446 6637 6141 5145 4998 4347 3510 3065 2158 1494 740 96 4 

668 1
midia 2 
doc1.txt 1 
66 
doc3.txt 17 
10269 10188 9554 8877 8236 7064 6666 6215 5598 4475 4205 3704 2906 2269 1718 824 451 

670 1
comprometimento 2 
doc2.txt 1 
310 
doc3.txt 17 
10201 10036 9212 8333 8076 7482 6780 5995 5370 5033 4430 3795 3160 2521 1695 1053 433 

671 2
previsao 1 
doc3.txt 17 
10525 9811 8989 8497 7853 7225 6695 6369 5720 5080 4438 3600 3074 2431 1666 657 20 

apreciacao 2 
doc2.txt 1 
252 
doc3.txt 17 
10339 9700 9075 8427 8216 7572 6936 5851 5218 4887 3960 3335 3011 2008 1801 1163 81 

674 1
percepcao 1 
doc3.txt 17 
10372 9743 8982 8792 8019 7386 6445 5971 5327 4951 4303 3685 2861 1983 1343 856 141 

677 1
no 3 
doc1.txt 3 
159 59 37 
doc2.txt 3 
167 153 149 
doc3.txt 91 
10536 10384 10304 10192 10157 10099 9911 9857 9515 9484 9359 9218 9110 8921 8886 8881 8849 8818 8257 8248 8203 8075 7977 7953 7613 7604 7341 7334 7266 6976 6962 6871 6730 6648 6539 6340 6330 6023 5899 5791 5667 5630 5554 5492 5398 5344 5040 4994 4730 4677 4589 4525 4263 4258 4222 4073 3988 3939 3774 3649 3629 3606 3212 3123 3020 2914 2888 2689 2369 2338 2057 1976 1968 1788 1784 1711 1642 1586 1324 1235 1201 1147 997 986 680 596 558 506 380 329 201 

678 1
como 3 
doc1.txt 3 
165 147 15 
doc2.txt 1 
222 
doc3.txt 51 
10496 10364 10264 9908 9874 9847 9540 9237 9089 8783 8594 8415 8245 7992 7778 7564 7326 7076 6993 6685 6436 6355 6055 5797 5438 5428 5271 4949 4747 4669 4443 4345 4301 3639 3584 3386 2945 2936 2739 2477 2467 2361 1832 1732 1377 1091 738 677 587 119 94 

681 2
criacao 2 
doc1.txt 1 
4 
doc3.txt 16 
9768 9418 8405 7678 7203 6644 6001 5423 4791 4102 3517 2993 2165 1517 888 197 

complexidade 3 
doc1.txt 1 
17 
doc2.txt 1 
160 
doc3.txt 17 
10573 9951 9391 8730 8055 7589 6946 6317 5387 5016 4366 3345 2693 2065 1391 882 574 

683 1
ter 3 
doc1.txt 1 
82 
doc2.txt 1 
57 
doc3.txt 17 
10287 9650 9022 8377 7728 7111 6923 5988 5363 4567 3909 3436 2712 2222 1571 1128 488 

687 1
alcance 1 
doc3.txt 16 
9596 9141 8606 8281 7550 6910 6286 5450 4811 4457 3818 2747 2111 1309 784 634 

688 2
posturas 3 
doc1.txt 1 
28 
doc2.txt 1 
93 
doc3.txt 17 
10527 9729 9101 8801 8164 7147 6496 6197 5155 4985 4104 3470 2828 2295 1519 699 151 

atual 3 
doc1.txt 1 
61 
doc2.txt 1 
294 
doc3.txt 33 
10544 10101 9695 9112 9049 8888 8400 8250 7906 7606 7040 6964 6905 6332 6233 5632 5274 4996 4646 3993 3990 3665 3214 2691 2638 2340 1962 1713 1285 988 761 203 122 

695 1
politicas 2 
doc2.txt 1 
203 
doc3.txt 17 
10476 9764 9299 8664 7737 7368 6797 6163 5132 5090 4151 3615 3007 2088 1637 1033 338 

696 3
manutencao 1 
doc3.txt 17 
10309 9862 9223 8823 8262 7618 6981 6345 5497 4682 3944 3779 2893 2374 1591 1206 563 

inicio 2 
doc2.txt 1 
224 
doc3.txt 17 
10294 9586 8961 8417 7780 7020 6966 6030 5413 4712 4054 3264 2764 2128 1456 1264 390 

comercio 2 
doc1.txt 1 
189 
doc3.txt 17 
10519 9920 9281 8640 7996 7501 6847 5770 5347 5074 4130 3390 2559 2365 1736 1095 193 

698 1
obstaculiza 2 
doc2.txt 1 
250 
doc3.txt 17 
10337 9698 9073 8425 8214 7570 6934 5849 5216 4885 3958 3333 3009 2006 1799 1161 79 

708 1
adotados 2 
doc2.txt 1 
52 
doc3.txt 16 
9866 9040 8568 7917 7557 6589 5857 5383 4729 4193 3378 3173 2510 1670 1002 304 

711 1
competitividade 1 
doc3.txt 17 
10333 9979 9508 8290 7654 7304 6525 5885 5249 4492 4034 3242 3045 2022 1434 802 166 

712 3
procedimentos 2 
doc2.txt 1 
50 
doc3.txt 16 
9864 9038 8566 7915 7555 6587 5855 5381 4727 4191 3376 3171 2508 1668 1000 302 

os 2 
doc2.txt 1 
333 
doc3.txt 32 
10137 9803 9355 9243 8631 8600 7942 7748 7131 7093 6472 6421 6361 6107 5500 5444 4849 4805 4069 3891 3739 3454 3136 2978 2334 2185 1904 1745 1209 925 293 216 

lembrar 2 
doc2.txt 1 
28 
doc3.txt 17 
10408 10024 8949 8457 8176 7532 6892 6267 5315 4773 4116 3405 3084 2442 1600 870 277 

714 2
venha 1 
doc3.txt 17 
10243 10109 9372 8861 7789 7452 6850 6237 5678 4907 3896 3273 2621 2027 1396 765 523 

equipes 2 
doc2.txt 1 
313 
doc3.txt 17 
10204 10039 9215 8336 8079 7485 6783 5998 5373 5036 4433 3798 3163 2524 1698 1056 436 

717 2
transacoes 1 
doc3.txt 17 
10335 9981 9510 8292 7656 7306 6527 5887 5251 4494 4036 3244 3047 2024 1436 804 168 

imparcial 1 
doc3.txt 16 
9897 9317 8684 8093 7160 6688 5907 5110 4903 4097 3483 2841 2382 1875 947 310 

718 1
preferencias 1 
doc3.txt 17 
10437 9878 9368 8574 7868 7405 6762 5785 5730 4927 4323 3593 2617 2501 1836 1196 30 

722 1
situacoes 2 
doc2.txt 1 
274 
doc3.txt 17 
10464 9725 8972 8297 7661 7046 6583 6304 5620 4981 4355 3577 2929 1989 1349 909 147 

724 1
causa 1 
doc3.txt 16 
10130 9095 8577 7715 7163 6514 6216 5699 4758 4062 3292 2641 2209 1558 1139 498 

726 2
renovacao 2 
doc1.txt 1 
173 
doc3.txt 17 
10558 9934 9137 8491 7847 7219 6400 6336 5714 4507 3870 3367 2721 2285 1660 1016 375 

acao 3 
doc1.txt 1 
215 
doc2.txt 1 
242 
doc3.txt 16 
10048 9380 8743 7723 7106 6699 6047 5739 5011 3864 3765 3128 2169 1298 1084 444 

735 1
todos 1 
doc3.txt 16 
10136 9354 8630 7747 7130 6471 6106 5499 4848 4068 3453 2977 2333 1744 1208 215 

736 1
direcoes 2 
doc2.txt 1 
147 
doc3.txt 17 
10382 10155 9482 8919 7951 7264 6646 6021 5396 4587 4261 3627 2912 2055 1782 1145 504 

737 1
essencial 1 
doc3.txt 17 
10273 9640 9250 8669 8025 7392 6712 6041 5377 4957 4390 3802 3167 2460 1817 1060 36 

741 1
entanto 3 
doc1.txt 1 
38 
doc2.txt 1 
154 
doc3.txt 17 
10537 9912 9360 8850 8204 7342 6540 5900 5668 4731 4074 3607 3021 1977 1789 681 330 

742 1
pontos 3 
doc1.txt 1 
124 
doc2.txt 1 
12 
doc3.txt 32 
10007 9672 9472 9045 8910 8727 8276 8073 7632 7175 6869 6382 6281 6158 5573 5342 4620 4523 4220 3854 3239 3218 2962 2575 2420 2045 1416 1322 1233 650 594 13 

745 1
descentralizadoras 2 
doc2.txt 1 
204 
doc3.txt 17 
10477 9765 9300 8665 7738 7369 6798 6164 5133 5091 4152 3616 3008 2089 1638 1034 339 

747 3
sobre 3 
doc1.txt 1 
90 
doc2.txt 1 
41 
doc3.txt 32 
10002 9850 9431 9388 8705 8551 8136 7964 7119 7086 6811 6570 6186 5929 5527 5294 4880 4642 4427 4224 3792 3307 3157 3097 2518 1944 1579 1535 1237 799 598 468 

paradigma 2 
doc1.txt 1 
2 
doc3.txt 1 
5 

dialogo 2 
doc2.txt 1 
331 
doc3.txt 16 
9801 9241 8598 7940 7091 6419 6359 5442 4803 3889 3737 3134 2183 1902 923 291 

751 1
criticos 2 
doc1.txt 1 
125 
doc3.txt 16 
9673 9046 8728 8074 7176 6870 6159 5343 4524 4221 3240 2963 2421 1323 1234 595 

752 1
maneira 1 
doc3.txt 16 
10067 9489 8397 7670 7037 6396 5801 5128 4545 4364 3733 2762 2305 1672 1029 388 

755 1
preferenciais 2 
doc2.txt 1 
148 
doc3.txt 17 
10383 10156 9483 8920 7952 7265 6647 6022 5397 4588 4262 3628 2913 2056 1783 1146 505 

758 1
modo 2 
doc2.txt 1 
128 
doc3.txt 33 
10453 9820 9607 9466 8980 8906 8831 8108 8090 7587 7464 6808 6480 6183 6137 5591 5247 5014 4597 4198 3952 3566 3525 3061 2672 2401 2000 1809 1474 919 899 514 307 

760 1
departamental 3 
doc1.txt 1 
77 
doc2.txt 1 
173 
doc3.txt 16 
10098 9461 8329 7683 7230 6410 6246 5586 5029 4380 3750 2780 2149 1507 916 112 

