0 + (0*4) = I = 0 
1 + (0*4) = I = 1 
2 + (0*4) = I = 2 
3 + (0*4) = I = 3 
3 + (1*4) = I = 7 
3 + (2*4) = I = 11 
3 + (3*4) = I = 15 
2 + (3*4) = I = 14 
1 + (3*4) = I = 13 
0 + (3*4) = I = 12 
0 + (2*4) = I = 8 
0 + (1*4) = I = 4 

e: 0 0 0 0 0 -9 -9 0 0 -9 -9 0 0 0 0 0 
c: 0 0 0 0 0 -9 -9 0 0 -9 -9 0 0 0 0 0 
a: 1 1 1 1 1 36 36 1 1 36 36 1 1 1 1 1 
b: 0 0 0 0 0 -9 -9 0 0 -9 -9 0 0 0 0 0 
d: 0 0 0 0 0 -9 -9 0 0 -9 -9 0 0 0 0 0 

f= 1 1 1 1 1 0 0 1 1 0 0 1 1 1 1 1 
Erro: 1.000000
Erro: 0.411765
Erro: 0.223744
Erro: 0.135413
Erro: 0.112966
Erro: 0.100938
Erro: 0.088722
Erro: 0.077116
Erro: 0.066481
Erro: 0.056955
Erro: 0.048555
Erro: 0.041233
Erro: 0.035117
Erro: 0.030199
Erro: 0.025880
Erro: 0.022111
Erro: 0.018840
Erro: 0.016016
Erro: 0.013587
Erro: 0.011506
Erro: 0.009728
Erro: 0.008214
Erro: 0.006928
Erro: 0.005837
Erro: 0.004914
Erro: 0.004133
Erro: 0.003475
Erro: 0.002919
Erro: 0.002451
Erro: 0.002058
Erro: 0.001727
Erro: 0.001448
Erro: 0.001215
Erro: 0.001018
Erro: 0.000854
Erro: 0.000854
Iter: 35 - IterMax: 10000

e: 0 0 0 0 0 -9 -9 0 0 -9 -9 0 0 0 0 0 
c: 0 0 0 0 0 -9 -9 0 0 -9 -9 0 0 0 0 0 
a: 1 1 1 1 1 36 36 1 1 36 36 1 1 1 1 1 
b: 0 0 0 0 0 -9 -9 0 0 -9 -9 0 0 0 0 0 
d: 0 0 0 0 0 -9 -9 0 0 -9 -9 0 0 0 0 0 

f= 1 1 1 1 1 0 0 1 1 0 0 1 1 1 1 1 
x = 1.00 1.00 1.00 1.00 1.00 1.00 1.00 1.00 1.00 1.00 1.00 1.00 1.00 1.00 1.00 1.00 

